	p_val	avg_logFC	pct.1	pct.2	p_val_adj	cluster	gene
APOE	 9.450297e-69	-0.9846907	0.175	0.442	 1.931735e-64	0	APOE
DBI	 1.436104e-62	 0.4101237	0.895	0.684	 2.935540e-58	0	DBI
B2M	 5.986119e-48	-0.6087227	0.440	0.602	 1.223623e-43	0	B2M
CD74	 1.376684e-46	-0.8598717	0.102	0.285	 2.814080e-42	0	CD74
RPS2	 1.334541e-45	 0.3332441	0.915	0.766	 2.727936e-41	0	RPS2
C1QB	 3.549068e-43	-0.7081916	0.091	0.249	 7.254650e-39	0	C1QB
C3	 1.322564e-39	-0.3838520	0.031	0.204	 2.703453e-35	0	C3
MALAT1	 4.082753e-39	-0.5950134	0.661	0.765	 8.345556e-35	0	MALAT1
POSTN	 1.492915e-38	 0.3101209	0.525	0.274	 3.051668e-34	0	POSTN
RPS15	 4.831111e-38	 0.3018835	0.862	0.683	 9.875273e-34	0	RPS15
SRGN	 1.529188e-37	-0.4418641	0.057	0.224	 3.125814e-33	0	SRGN
SPP1	 5.374849e-36	-1.2718236	0.411	0.529	 1.098673e-31	0	SPP1
HLA-B	 1.540865e-35	-0.4895047	0.321	0.489	 3.149683e-31	0	HLA-B
RPS18	 1.138678e-34	 0.2863341	0.868	0.712	 2.327571e-30	0	RPS18
RPL36	 2.512375e-34	 0.2806016	0.839	0.681	 5.135545e-30	0	RPL36
HLA-DRB1	 3.342047e-34	-0.3965494	0.050	0.204	 6.831479e-30	0	HLA-DRB1
FCGBP	 8.378024e-33	-0.6105377	0.091	0.240	 1.712552e-28	0	FCGBP
SEC61G	 1.426770e-32	 0.2851413	0.980	0.921	 2.916461e-28	0	SEC61G
HLA-DRA	 1.631779e-32	-0.5466613	0.134	0.275	 3.335520e-28	0	HLA-DRA
AC007969.5	 4.180261e-32	 0.2757070	0.734	0.507	 8.544871e-28	0	AC007969.5
C1QC	 4.825571e-31	-0.2649252	0.026	0.163	 9.863950e-27	0	C1QC
ZFP36	 8.747786e-31	-0.3525392	0.138	0.327	 1.788135e-26	0	ZFP36
C1QA	 1.074102e-30	-0.3635705	0.057	0.198	 2.195572e-26	0	C1QA
RP11-234A1.1	 1.734916e-30	 0.2684186	0.758	0.554	 3.546343e-26	0	RP11-234A1.1
RPS5	 1.864529e-30	 0.2668331	0.852	0.709	 3.811284e-26	0	RPS5
LAPTM5	 3.596811e-30	-0.2881989	0.037	0.176	 7.352241e-26	0	LAPTM5
APOC1	 6.658628e-30	-0.5338905	0.135	0.258	 1.361090e-25	0	APOC1
GADD45B	 2.231995e-29	-0.2845618	0.080	0.253	 4.562421e-25	0	GADD45B
A2M	 4.493735e-29	-0.3408382	0.085	0.240	 9.185643e-25	0	A2M
EGR1	 5.646514e-29	-0.4276944	0.151	0.336	 1.154204e-24	0	EGR1
HLA-DPA1	 5.917332e-29	-0.2836698	0.043	0.181	 1.209562e-24	0	HLA-DPA1
RPL18A	 7.902847e-28	 0.2625409	0.835	0.712	 1.615421e-23	0	RPL18A
MT3	 8.158692e-28	 0.2535602	0.831	0.651	 1.667718e-23	0	MT3
RPS19P1	 8.563987e-28	 0.2580941	0.801	0.616	 1.750565e-23	0	RPS19P1
RPS2P5	 2.589480e-27	 0.2608797	0.592	0.381	 5.293155e-23	0	RPS2P5
FOS	 1.540645e-26	-0.4601979	0.357	0.497	 3.149233e-22	0	FOS
CTSB	 4.870109e-26	-0.3846810	0.156	0.297	 9.954991e-22	0	CTSB
RP3-486I3.4	 6.353842e-26	 0.2524243	0.647	0.457	 1.298789e-21	0	RP3-486I3.4
SGK1	 9.882231e-26	-0.2847689	0.067	0.204	 2.020027e-21	0	SGK1
GFAP	 1.160452e-25	-0.5322176	0.225	0.344	 2.372079e-21	0	GFAP
RPS19P3	 4.419421e-25	 0.2511892	0.740	0.563	 9.033738e-21	0	RPS19P3
FTL	 5.513874e-25	-0.4781676	0.647	0.735	 1.127091e-20	0	FTL
SAT1	 1.114856e-24	-0.3488448	0.147	0.287	 2.278877e-20	0	SAT1
RP11-122G18.7	 1.558667e-24	 0.2523208	0.642	0.448	 3.186072e-20	0	RP11-122G18.7
HSPA1B	 1.974519e-23	-0.3900999	0.340	0.498	 4.036115e-19	0	HSPA1B
CRYAB	 7.873101e-22	-0.7715487	0.408	0.507	 1.609341e-17	0	CRYAB
HSPA1A	 1.039431e-21	-0.3860049	0.401	0.536	 2.124701e-17	0	HSPA1A
AQP4	 1.104747e-21	-0.3295722	0.117	0.235	 2.258214e-17	0	AQP4
PSAP	 1.150494e-21	-0.3286569	0.265	0.401	 2.351726e-17	0	PSAP
JUNB	 3.593654e-21	-0.2681990	0.192	0.363	 7.345788e-17	0	JUNB
JUN	 6.785242e-21	-0.2681861	0.159	0.320	 1.386971e-16	0	JUN
CLU	 2.012564e-20	-0.3935626	0.475	0.475	 4.113882e-16	0	CLU
NEAT1	 3.751505e-20	-0.2940172	0.122	0.248	 7.668452e-16	0	NEAT1
FABP5	 8.655125e-20	 0.2541387	0.706	0.560	 1.769194e-15	0	FABP5
CTSD	 4.902963e-17	-0.2760832	0.171	0.285	 1.002215e-12	0	CTSD
CCL4	 1.724601e-16	-0.3504262	0.090	0.176	 3.525257e-12	0	CCL4
ID3	 5.162822e-16	-0.2690254	0.107	0.203	 1.055332e-11	0	ID3
IGFBP7	 6.037045e-15	-0.3499697	0.107	0.208	 1.234032e-10	0	IGFBP7
MT2A	 2.431303e-13	-0.3958627	0.684	0.703	 4.969827e-09	0	MT2A
BCYRN1	 5.164081e-13	-0.2794513	0.289	0.293	 1.055590e-08	0	BCYRN1
MT1X	 6.249840e-13	-0.2912699	0.213	0.307	 1.277530e-08	0	MT1X
CHI3L1	 1.436683e-10	-0.3245083	0.178	0.251	 2.936723e-06	0	CHI3L1
TUBA1B	5.974108e-263	 0.8582930	0.970	0.588	1.221167e-258	1	TUBA1B
HMGB2	3.896231e-182	 0.6075876	0.642	0.113	7.964286e-178	1	HMGB2
TOP2A	4.343868e-159	 0.5282495	0.498	0.060	8.879301e-155	1	TOP2A
HMGN2	1.016309e-144	 0.6072617	0.751	0.283	2.077436e-140	1	HMGN2
PTTG1	6.403439e-138	 0.5095465	0.537	0.103	1.308927e-133	1	PTTG1
HMGB1	2.214559e-136	 0.6158061	0.798	0.380	4.526780e-132	1	HMGB1
TUBB	1.008605e-130	 0.6040537	0.837	0.411	2.061689e-126	1	TUBB
UBE2S	5.475282e-125	 0.5682750	0.666	0.235	1.119202e-120	1	UBE2S
UBE2C	5.089622e-121	 0.4265971	0.444	0.067	1.040370e-116	1	UBE2C
CENPF	5.103004e-100	 0.3441528	0.348	0.041	 1.043105e-95	1	CENPF
NUCKS1	 1.092766e-84	 0.4530911	0.645	0.284	 2.233724e-80	1	NUCKS1
HIST1H4C	 1.552664e-79	 0.4005732	0.375	0.076	 3.173800e-75	1	HIST1H4C
CCNB1	 2.004982e-74	 0.2655864	0.277	0.035	 4.098384e-70	1	CCNB1
APOE.1	 8.516905e-69	-0.9978441	0.166	0.441	 1.740941e-64	1	APOE
BIRC5	 1.083509e-65	 0.2537412	0.297	0.053	 2.214802e-61	1	BIRC5
TUBA1C	 1.877706e-65	 0.3631676	0.505	0.187	 3.838220e-61	1	TUBA1C
STMN1	 8.753388e-65	 0.3964396	0.709	0.375	 1.789280e-60	1	STMN1
HMGB1P5	 1.475478e-62	 0.2865383	0.373	0.094	 3.016025e-58	1	HMGB1P5
H2AFZ	 3.764554e-62	 0.3623412	0.567	0.249	 7.695125e-58	1	H2AFZ
ARL6IP1	 1.004189e-57	 0.4007903	0.492	0.227	 2.052663e-53	1	ARL6IP1
FTL.1	 9.110670e-54	-0.6588994	0.571	0.750	 1.862312e-49	1	FTL
TUBA1A	 3.352277e-51	 0.3408240	0.931	0.731	 6.852389e-47	1	TUBA1A
PPIA	 4.792437e-49	 0.3198589	0.946	0.794	 9.796220e-45	1	PPIA
YBX1	 2.433927e-44	 0.3398116	0.688	0.422	 4.975189e-40	1	YBX1
B2M.1	 1.553640e-41	-0.5729859	0.463	0.595	 3.175796e-37	1	B2M
C1QB.1	 2.824429e-41	-0.7122730	0.078	0.250	 5.773415e-37	1	C1QB
C3.1	 2.012906e-39	-0.3849447	0.027	0.203	 4.114581e-35	1	C3
CD74.1	 2.600426e-39	-0.8283317	0.120	0.279	 5.315531e-35	1	CD74
SRGN.1	 2.789250e-39	-0.4505170	0.045	0.224	 5.701506e-35	1	SRGN
CLU.1	 2.432359e-38	-0.6314494	0.300	0.513	 4.971984e-34	1	CLU
PTMA	 4.329029e-38	 0.3115812	0.880	0.688	 8.848968e-34	1	PTMA
SPP1.1	 1.115823e-36	-1.2964657	0.394	0.531	 2.280854e-32	1	SPP1
ZFP36.1	 3.311228e-36	-0.3781996	0.120	0.329	 6.768480e-32	1	ZFP36
PPDPF	 3.470999e-36	 0.2832501	0.553	0.312	 7.095069e-32	1	PPDPF
COX8A	 8.076153e-36	 0.2753731	0.633	0.378	 1.650846e-31	1	COX8A
FTH1	 9.924905e-36	-0.3579204	0.873	0.918	 2.028750e-31	1	FTH1
HLA-DRB1.1	 2.488016e-35	-0.4026400	0.045	0.203	 5.085754e-31	1	HLA-DRB1
RPS2.1	 3.577124e-35	 0.2964117	0.921	0.766	 7.311999e-31	1	RPS2
HLA-DRA.1	 3.273553e-34	-0.5664995	0.115	0.277	 6.691470e-30	1	HLA-DRA
HN1	 2.217316e-33	 0.2526317	0.435	0.213	 4.532415e-29	1	HN1
HLA-B.1	 1.054245e-32	-0.4826203	0.328	0.486	 2.154983e-28	1	HLA-B
GFAP.1	 1.341387e-32	-0.5937230	0.168	0.355	 2.741928e-28	1	GFAP
UBB	 1.367006e-32	 0.2835548	0.918	0.780	 2.794297e-28	1	UBB
HNRNPA1	 6.931297e-32	 0.2742714	0.759	0.538	 1.416826e-27	1	HNRNPA1
RPS15.1	 2.448663e-31	 0.2743972	0.858	0.686	 5.005312e-27	1	RPS15
FCGBP.1	 6.953078e-31	-0.6041752	0.099	0.237	 1.421279e-26	1	FCGBP
CRYAB.1	 1.149093e-30	-0.8563088	0.379	0.512	 2.348862e-26	1	CRYAB
APOC1.1	 1.814903e-30	-0.5540663	0.114	0.261	 3.709842e-26	1	APOC1
PSAP.1	 2.331711e-30	-0.3887243	0.226	0.408	 4.766251e-26	1	PSAP
GADD45B.1	 7.595657e-30	-0.2952828	0.078	0.251	 1.552628e-25	1	GADD45B
RAN	 7.888552e-30	 0.2507651	0.594	0.361	 1.612499e-25	1	RAN
SAT1.1	 7.922387e-30	-0.3841208	0.120	0.292	 1.619415e-25	1	SAT1
HLA-DPA1.1	 8.163151e-30	-0.2882795	0.036	0.181	 1.668630e-25	1	HLA-DPA1
FOS.1	 1.082064e-29	-0.4900335	0.333	0.501	 2.211847e-25	1	FOS
C1QA.1	 3.486858e-29	-0.3614934	0.057	0.196	 7.127486e-25	1	C1QA
CTSB.1	 4.518638e-29	-0.4068023	0.141	0.299	 9.236547e-25	1	CTSB
A2M.1	 6.837353e-29	-0.3450774	0.082	0.239	 1.397623e-24	1	A2M
AC007969.5.1	 6.677371e-28	 0.2583457	0.727	0.511	 1.364921e-23	1	AC007969.5
AQP4.1	 3.002854e-27	-0.3644112	0.081	0.242	 6.138134e-23	1	AQP4
CALM2	 4.585498e-27	 0.2570291	0.559	0.372	 9.373216e-23	1	CALM2
LAPTM5.1	 5.677691e-26	-0.2780319	0.043	0.173	 1.160577e-21	1	LAPTM5
LGALS1	 6.154391e-25	 0.2957632	0.702	0.509	 1.258019e-20	1	LGALS1
NEAT1.1	 8.517934e-25	-0.3196081	0.097	0.252	 1.741151e-20	1	NEAT1
ID3.1	 3.823769e-24	-0.3136903	0.070	0.210	 7.816167e-20	1	ID3
GPX1	 1.238197e-23	-0.3316917	0.226	0.378	 2.530998e-19	1	GPX1
MT1X.1	 2.394214e-23	-0.3712166	0.163	0.317	 4.894013e-19	1	MT1X
SPARC	 6.277186e-23	-0.4398310	0.432	0.547	 1.283120e-18	1	SPARC
SGK1.1	 4.618720e-22	-0.2730135	0.073	0.201	 9.441126e-18	1	SGK1
HLA-C	 1.593692e-21	-0.2673619	0.198	0.334	 3.257667e-17	1	HLA-C
JUNB.1	 1.993076e-21	-0.2777301	0.196	0.360	 4.074046e-17	1	JUNB
CTSD.1	 1.228244e-20	-0.3039209	0.154	0.287	 2.510653e-16	1	CTSD
CCL4.1	 1.929245e-19	-0.3717642	0.067	0.180	 3.943569e-15	1	CCL4
C1orf61	 8.008937e-19	-0.3051264	0.391	0.495	 1.637107e-14	1	C1orf61
TMSB4X	 1.238895e-18	-0.2836954	0.877	0.915	 2.532426e-14	1	TMSB4X
HSPA1A.1	 1.773503e-17	-0.3408264	0.429	0.529	 3.625218e-13	1	HSPA1A
ITM2C	 6.607688e-17	-0.2709721	0.184	0.309	 1.350678e-12	1	ITM2C
CHI3L1.1	 1.482583e-16	-0.3829544	0.139	0.258	 3.030548e-12	1	CHI3L1
MT2A.1	 4.327882e-13	-0.3868681	0.697	0.700	 8.846624e-09	1	MT2A
S100A6	 8.618476e-13	-0.2618157	0.421	0.480	 1.761703e-08	1	S100A6
IGFBP7.1	 3.830251e-12	-0.3307333	0.127	0.203	 7.829416e-08	1	IGFBP7
MALAT1.1	 4.654795e-12	-0.3052489	0.679	0.760	 9.514867e-08	1	MALAT1
EGR1.1	 5.500086e-10	-0.2686383	0.240	0.315	 1.124272e-05	1	EGR1
SPP1.2	 0.000000e+00	 2.6713134	0.991	0.425	 0.000000e+00	2	SPP1
CD74.2	 0.000000e+00	 2.1028244	0.993	0.126	 0.000000e+00	2	CD74
C1QB.2	 0.000000e+00	 1.9029415	0.965	0.093	 0.000000e+00	2	C1QB
FCGBP.2	 0.000000e+00	 1.7478388	0.916	0.093	 0.000000e+00	2	FCGBP
HLA-DRA.2	 0.000000e+00	 1.6268173	0.947	0.130	 0.000000e+00	2	HLA-DRA
APOC1.2	 0.000000e+00	 1.6140581	0.903	0.122	 0.000000e+00	2	APOC1
SRGN.2	 0.000000e+00	 1.3595681	0.901	0.073	 0.000000e+00	2	SRGN
B2M.2	 0.000000e+00	 1.3217764	0.983	0.502	 0.000000e+00	2	B2M
FTL.2	 0.000000e+00	 1.3138486	0.985	0.674	 0.000000e+00	2	FTL
HLA-DRB1.2	 0.000000e+00	 1.3047570	0.888	0.055	 0.000000e+00	2	HLA-DRB1
HLA-B.2	 0.000000e+00	 1.2839526	0.960	0.373	 0.000000e+00	2	HLA-B
CTSB.2	 0.000000e+00	 1.2517471	0.875	0.168	 0.000000e+00	2	CTSB
C1QA.2	 0.000000e+00	 1.2405426	0.855	0.056	 0.000000e+00	2	C1QA
C3.2	 0.000000e+00	 1.1886255	0.839	0.059	 0.000000e+00	2	C3
PSAP.2	 0.000000e+00	 1.0852642	0.894	0.288	 0.000000e+00	2	PSAP
GPX1.1	 0.000000e+00	 1.0674502	0.884	0.261	 0.000000e+00	2	GPX1
LAPTM5.2	 0.000000e+00	 1.0308255	0.774	0.044	 0.000000e+00	2	LAPTM5
HLA-DPA1.2	 0.000000e+00	 1.0219956	0.793	0.047	 0.000000e+00	2	HLA-DPA1
C1QC.1	 0.000000e+00	 0.9765999	0.767	0.031	 0.000000e+00	2	C1QC
SAT1.2	1.177460e-286	 1.0942718	0.829	0.165	2.406845e-282	2	SAT1
TYROBP	2.101843e-270	 0.8377169	0.662	0.038	4.296376e-266	2	TYROBP
CTSD.2	7.082255e-260	 1.0114922	0.794	0.174	1.447684e-255	2	CTSD
APOE.2	7.432071e-249	 1.1309874	0.958	0.297	1.519190e-244	2	APOE
RNASET2	2.660417e-243	 0.8177208	0.628	0.042	5.438158e-239	2	RNASET2
CCL4.2	4.434042e-242	 1.2471415	0.655	0.076	9.063626e-238	2	CCL4
A2M.2	8.900947e-239	 0.8622726	0.791	0.113	1.819442e-234	2	A2M
SGK1.2	1.055178e-236	 0.9381810	0.690	0.092	2.156890e-232	2	SGK1
OLR1	2.808904e-235	 0.7403943	0.589	0.028	5.741680e-231	2	OLR1
FCER1G	1.211158e-231	 0.6798783	0.574	0.026	2.475728e-227	2	FCER1G
HLA-DPB1	7.667125e-224	 0.7089529	0.594	0.039	1.567237e-219	2	HLA-DPB1
CD163	4.395527e-220	 0.6422018	0.569	0.029	8.984897e-216	2	CD163
NPC2	1.234616e-213	 0.6819027	0.609	0.051	2.523678e-209	2	NPC2
HLA-DRB6	2.719220e-210	 0.5251364	0.459	0.005	5.558358e-206	2	HLA-DRB6
TREM2	5.674931e-208	 0.5840632	0.495	0.014	1.160013e-203	2	TREM2
HLA-C.1	3.808166e-205	 0.8120824	0.785	0.230	7.784272e-201	2	HLA-C
CYBA	1.551337e-197	 0.6564368	0.591	0.055	3.171088e-193	2	CYBA
STAB1	1.848546e-195	 0.7031729	0.536	0.036	3.778612e-191	2	STAB1
CD83	1.333011e-184	 0.6108789	0.506	0.030	2.724808e-180	2	CD83
NEAT1.2	1.404234e-182	 0.9117947	0.662	0.151	2.870394e-178	2	NEAT1
RGS1	1.914158e-181	 0.6380363	0.492	0.028	3.912731e-177	2	RGS1
NR4A3	8.720970e-180	 0.6655899	0.536	0.049	1.782653e-175	2	NR4A3
GPR183	3.961848e-179	 0.6625183	0.477	0.026	8.098414e-175	2	GPR183
MAFB	1.768405e-178	 0.6906881	0.534	0.049	3.614797e-174	2	MAFB
APOC1P1	3.466727e-178	 0.5541196	0.431	0.011	7.086336e-174	2	APOC1P1
SLC2A5	2.532165e-177	 0.5652690	0.501	0.033	5.175998e-173	2	SLC2A5
SEC61G.1	4.556120e-176	-1.0736685	0.758	0.962	9.313165e-172	2	SEC61G
CD14	2.785756e-172	 0.5527153	0.451	0.019	5.694364e-168	2	CD14
CCL4L2	1.485030e-170	 0.7697331	0.473	0.031	3.035551e-166	2	CCL4L2
MS4A7	8.364704e-169	 0.5319699	0.431	0.016	1.709829e-164	2	MS4A7
ALOX5AP	3.754990e-168	 0.4764749	0.444	0.018	7.675576e-164	2	ALOX5AP
CSF1R	6.407180e-165	 0.4520799	0.418	0.014	1.309692e-160	2	CSF1R
SLCO2B1	4.585830e-161	 0.4801226	0.440	0.022	9.373895e-157	2	SLCO2B1
AIF1	7.629503e-161	 0.4551427	0.402	0.011	1.559547e-156	2	AIF1
CYBB	1.034539e-160	 0.4608800	0.398	0.011	2.114700e-156	2	CYBB
CCL3	1.090242e-160	 0.8851065	0.475	0.046	2.228563e-156	2	CCL3
VSIG4	1.546074e-152	 0.4448458	0.398	0.015	3.160331e-148	2	VSIG4
SLC11A1	1.372297e-150	 0.4704940	0.420	0.023	2.805112e-146	2	SLC11A1
MSR1	9.708999e-147	 0.4477047	0.389	0.016	1.984617e-142	2	MSR1
FCGR3A	1.691112e-146	 0.4243793	0.385	0.014	3.456802e-142	2	FCGR3A
PLIN2	2.036239e-146	 0.5447966	0.450	0.035	4.162277e-142	2	PLIN2
MISP	1.142004e-139	 0.7252872	0.739	0.402	2.334370e-135	2	MISP
HLA-DMA	6.555624e-139	 0.3888375	0.356	0.011	1.340035e-134	2	HLA-DMA
HLA-DMB	4.307604e-137	 0.3989170	0.361	0.013	8.805174e-133	2	HLA-DMB
C5AR1	3.602074e-135	 0.3894514	0.345	0.010	7.362999e-131	2	C5AR1
CD68	2.731117e-134	 0.3931294	0.354	0.013	5.582676e-130	2	CD68
HLA-E	4.631731e-133	 0.5702147	0.582	0.116	9.467722e-129	2	HLA-E
PLEK	3.124775e-130	 0.4148957	0.345	0.013	6.387352e-126	2	PLEK
FCGR2A	3.098185e-129	 0.3970742	0.361	0.016	6.332999e-125	2	FCGR2A
RGCC	3.815333e-127	 0.7138242	0.576	0.147	7.798922e-123	2	RGCC
IER3	4.152540e-127	 0.5468796	0.413	0.038	8.488208e-123	2	IER3
MGAT1	1.842030e-126	 0.4426383	0.424	0.039	3.765293e-122	2	MGAT1
DUSP1	1.159074e-124	 0.5954783	0.541	0.106	2.369263e-120	2	DUSP1
CTSZ	3.891170e-120	 0.4299767	0.380	0.030	7.953941e-116	2	CTSZ
CEBPB	4.156296e-120	 0.4435321	0.406	0.038	8.495886e-116	2	CEBPB
ATP1B3	2.819547e-119	 0.5895278	0.508	0.098	5.763435e-115	2	ATP1B3
PTN	3.668372e-119	-0.6768404	0.114	0.615	7.498519e-115	2	PTN
TUBA1A.1	1.567262e-116	-0.7860134	0.417	0.825	3.203639e-112	2	TUBA1A
FTH1.1	6.597588e-116	 0.5966700	0.976	0.899	1.348613e-111	2	FTH1
SLC16A3	8.632273e-116	 0.3845745	0.336	0.019	1.764523e-111	2	SLC16A3
OTUD1	3.056355e-113	 0.3752733	0.317	0.014	6.247496e-109	2	OTUD1
MS4A6A	7.678873e-111	 0.2904821	0.275	0.006	1.569638e-106	2	MS4A6A
ITGB2	9.179258e-111	 0.3042560	0.288	0.008	1.876332e-106	2	ITGB2
HAVCR2	5.140926e-109	 0.3062130	0.283	0.008	1.050857e-104	2	HAVCR2
CXCL16	1.959299e-108	 0.3761051	0.352	0.028	4.005004e-104	2	CXCL16
PLAUR	5.046426e-108	 0.3973255	0.339	0.024	1.031540e-103	2	PLAUR
ACSL1	1.163950e-107	 0.3550260	0.323	0.018	2.379230e-103	2	ACSL1
HCLS1	5.532724e-107	 0.3236105	0.305	0.014	1.130944e-102	2	HCLS1
SCIN	7.816532e-107	 0.3210778	0.310	0.016	1.597777e-102	2	SCIN
OLFML3	5.616143e-106	 0.3480998	0.332	0.020	1.147996e-101	2	OLFML3
TCEB3B	1.599976e-105	 0.5688504	0.554	0.196	3.270512e-101	2	TCEB3B
HLA-DQB1	7.592949e-102	 0.2987535	0.259	0.007	 1.552075e-97	2	HLA-DQB1
MS4A4A	2.317340e-101	 0.3027188	0.275	0.010	 4.736876e-97	2	MS4A4A
TYMP	 2.360982e-98	 0.3669269	0.332	0.030	 4.826083e-94	2	TYMP
S100A11	 3.368603e-98	 0.3956497	0.404	0.056	 6.885761e-94	2	S100A11
PADI2	 3.969962e-98	 0.4094792	0.330	0.030	 8.114999e-94	2	PADI2
GADD45B.2	 4.023904e-95	 0.5722337	0.567	0.162	 8.225262e-91	2	GADD45B
CTSS	 7.903542e-95	 0.2608321	0.259	0.008	 1.615563e-90	2	CTSS
LILRB4	 4.891667e-94	 0.2845008	0.262	0.010	 9.999056e-90	2	LILRB4
BCAN	 1.293527e-93	-0.7248367	0.279	0.705	 2.644099e-89	2	BCAN
HCST	 5.599752e-93	 0.2861731	0.259	0.010	 1.144645e-88	2	HCST
SYNGR2	 2.317707e-92	 0.2919988	0.273	0.014	 4.737624e-88	2	SYNGR2
IL1RN	 1.145141e-90	 0.4353733	0.275	0.019	 2.340783e-86	2	IL1RN
VAMP8	 2.125495e-89	 0.2727450	0.262	0.012	 4.344724e-85	2	VAMP8
TNFRSF1B	 1.372332e-86	 0.2628755	0.251	0.011	 2.805183e-82	2	TNFRSF1B
PLAU	 1.286301e-85	 0.4481133	0.341	0.045	 2.629327e-81	2	PLAU
FGL2	 2.384179e-84	 0.2816229	0.237	0.009	 4.873500e-80	2	FGL2
RP3-486I3.4.1	 3.460930e-84	-0.4961096	0.132	0.553	 7.074487e-80	2	RP3-486I3.4
DBI.1	 5.870703e-84	-0.6318272	0.435	0.772	 1.200030e-79	2	DBI
TMSB4X.1	 7.202888e-82	 0.5122326	0.972	0.897	 1.472342e-77	2	TMSB4X
ITGAX	 1.695041e-79	 0.2520859	0.228	0.010	 3.464833e-75	2	ITGAX
COTL1	 3.754175e-76	 0.3972986	0.442	0.108	 7.673909e-72	2	COTL1
ITM2B	 2.043877e-75	 0.4706139	0.675	0.341	 4.177889e-71	2	ITM2B
CKB	 5.304937e-74	-0.5575409	0.290	0.667	 1.084382e-69	2	CKB
CCL3L3	 6.496946e-74	 0.3283685	0.220	0.012	 1.328041e-69	2	CCL3L3
MT3.1	 1.479325e-73	-0.6815911	0.387	0.734	 3.023888e-69	2	MT3
GRN	 1.093199e-72	 0.3490153	0.365	0.073	 2.234608e-68	2	GRN
PPIA.1	 3.432130e-72	-0.5157094	0.593	0.860	 7.015616e-68	2	PPIA
SOCS6	 9.984754e-72	 0.2789113	0.272	0.029	 2.040984e-67	2	SOCS6
ARPC1B	 5.601102e-71	 0.2513459	0.286	0.031	 1.144921e-66	2	ARPC1B
GSN	 2.056761e-70	 0.3367312	0.385	0.078	 4.204226e-66	2	GSN
CCL2	 4.273705e-69	 0.5841559	0.317	0.065	 8.735881e-65	2	CCL2
FCGRT	 4.708851e-68	 0.2827153	0.325	0.053	 9.625362e-64	2	FCGRT
FABP7	 7.598275e-67	-0.3618466	0.037	0.354	 1.553163e-62	2	FABP7
ATP6V1B2	 8.440855e-66	 0.2847042	0.294	0.044	 1.725395e-61	2	ATP6V1B2
NDUFA4	 5.752959e-64	-0.4868010	0.411	0.731	 1.175962e-59	2	NDUFA4
AC007969.5.2	 2.741429e-63	-0.4681284	0.239	0.602	 5.603754e-59	2	AC007969.5
RPS5.1	 2.218712e-62	-0.4726703	0.473	0.780	 4.535269e-58	2	RPS5
FTLP3	 1.737922e-61	 0.4745568	0.536	0.250	 3.552486e-57	2	FTLP3
RP11-122G18.7.1	 2.203687e-61	-0.4429545	0.182	0.535	 4.504557e-57	2	RP11-122G18.7
RPS2.2	 2.647983e-61	-0.5163820	0.593	0.827	 5.412742e-57	2	RPS2
PHLDA1	 2.963722e-61	 0.3750050	0.385	0.118	 6.058145e-57	2	PHLDA1
TUBB2B	 6.583571e-61	-0.4217330	0.121	0.462	 1.345748e-56	2	TUBB2B
NGFRAP1	 2.315847e-60	-0.4232937	0.176	0.530	 4.733823e-56	2	NGFRAP1
TPT1	 5.347976e-60	 0.4111123	0.901	0.744	 1.093180e-55	2	TPT1
GAPDH	 6.175407e-60	-0.5067746	0.829	0.932	 1.262315e-55	2	GAPDH
GPM6B	 1.192831e-59	-0.4133090	0.094	0.428	 2.438266e-55	2	GPM6B
LGMN	 2.004529e-59	 0.2603052	0.266	0.038	 4.097457e-55	2	LGMN
GLUL	 2.257553e-59	 0.4212894	0.501	0.203	 4.614664e-55	2	GLUL
DBIP1	 7.089264e-59	-0.3341929	0.048	0.348	 1.449116e-54	2	DBIP1
C1orf61.1	 1.698322e-58	-0.5619031	0.187	0.526	 3.471539e-54	2	C1orf61
SPARC.1	 4.567719e-58	-0.6652448	0.231	0.577	 9.336875e-54	2	SPARC
UBBP4	 9.384492e-58	-0.3761803	0.105	0.430	 1.918284e-53	2	UBBP4
GNA13	 6.355388e-57	 0.2650134	0.273	0.044	 1.299105e-52	2	GNA13
RP11-270C12.3	 1.708889e-56	-0.3402473	0.066	0.371	 3.493141e-52	2	RP11-270C12.3
KLF6	 1.978859e-56	 0.3594119	0.413	0.122	 4.044985e-52	2	KLF6
CNN3	 1.869926e-55	-0.4225360	0.084	0.396	 3.822317e-51	2	CNN3
IGFBP2	 3.040393e-55	-0.4783861	0.068	0.377	 6.214867e-51	2	IGFBP2
MARCKSL1	 5.043203e-55	-0.3689977	0.095	0.410	 1.030881e-50	2	MARCKSL1
MCL1	 1.918529e-54	 0.3563974	0.400	0.126	 3.921664e-50	2	MCL1
RPS15.2	 6.473444e-54	-0.4577758	0.479	0.757	 1.323237e-49	2	RPS15
PTPRZ1	 1.703471e-53	-0.4326559	0.169	0.495	 3.482064e-49	2	PTPRZ1
CLU.2	 3.425368e-53	-0.7519412	0.207	0.520	 7.001794e-49	2	CLU
RPS2P5.1	 4.506200e-53	-0.3905208	0.150	0.466	 9.211124e-49	2	RPS2P5
NOVA1	 4.544129e-53	-0.3281128	0.055	0.345	 9.288654e-49	2	NOVA1
KCTD12	 5.750165e-53	 0.3072152	0.398	0.122	 1.175391e-48	2	KCTD12
CCND2	 9.771922e-53	-0.3643620	0.079	0.378	 1.997479e-48	2	CCND2
ZNF428	 6.697771e-52	-0.3525305	0.108	0.419	 1.369091e-47	2	ZNF428
TSPO	 2.721028e-51	 0.2730624	0.328	0.084	 5.562054e-47	2	TSPO
CHCHD2P6	 9.730504e-50	-0.2883692	0.053	0.324	 1.989012e-45	2	CHCHD2P6
S100A6.1	 3.370701e-49	-0.5538356	0.213	0.513	 6.890051e-45	2	S100A6
MIF	 4.292726e-49	-0.3700302	0.132	0.444	 8.774762e-45	2	MIF
GNAS	 6.794770e-48	-0.3743449	0.191	0.514	 1.388919e-43	2	GNAS
BASP1	 1.271403e-47	 0.2566245	0.279	0.056	 2.598874e-43	2	BASP1
UBB.1	 2.169804e-47	-0.4194832	0.613	0.837	 4.435297e-43	2	UBB
EEF1A1P5	 4.569384e-47	-0.3682411	0.198	0.508	 9.340277e-43	2	EEF1A1P5
RPL13AP5	 5.411036e-47	-0.3949412	0.305	0.610	 1.106070e-42	2	RPL13AP5
CHCHD2	 3.107948e-46	-0.3723250	0.297	0.607	 6.352957e-42	2	CHCHD2
LITAF	 1.613838e-45	 0.2565616	0.303	0.085	 3.298847e-41	2	LITAF
ZFP36.2	 5.148835e-45	 0.3295201	0.556	0.247	 1.052473e-40	2	ZFP36
PRDX2	 9.773860e-45	-0.3216626	0.114	0.401	 1.997875e-40	2	PRDX2
RPS18.1	 1.994430e-43	-0.3869050	0.525	0.778	 4.076815e-39	2	RPS18
POSTN.1	 5.730066e-43	-0.3520846	0.090	0.360	 1.171283e-38	2	POSTN
AC079250.1	 9.541490e-43	-0.3544866	0.226	0.529	 1.950376e-38	2	AC079250.1
SCRG1	 1.430070e-42	-0.3149145	0.083	0.344	 2.923206e-38	2	SCRG1
RP11-459A10.1	 2.285797e-42	-0.2558053	0.050	0.289	 4.672397e-38	2	RP11-459A10.1
GPM6A	 4.284004e-42	-0.2831113	0.064	0.319	 8.756933e-38	2	GPM6A
RPS28P7	 9.623635e-42	-0.3653810	0.350	0.643	 1.967167e-37	2	RPS28P7
UBBP1	 1.200164e-41	-0.2941014	0.117	0.392	 2.453254e-37	2	UBBP1
S100B	 1.367055e-41	-0.3357876	0.128	0.401	 2.794396e-37	2	S100B
RPS7	 1.885275e-41	-0.3121250	0.156	0.439	 3.853690e-37	2	RPS7
ATP1A2	 2.186635e-41	-0.3299741	0.070	0.320	 4.469700e-37	2	ATP1A2
RP5-827C21.1	 7.053518e-41	-0.2831788	0.094	0.357	 1.441810e-36	2	RP5-827C21.1
CST3	 8.954439e-41	-0.5520549	0.710	0.856	 1.830377e-36	2	CST3
PPIAP22	 9.048050e-41	-0.2597465	0.079	0.330	 1.849512e-36	2	PPIAP22
NR4A1	 1.024038e-40	 0.3500101	0.490	0.224	 2.093236e-36	2	NR4A1
NFKBIA	 1.747410e-40	 0.2583393	0.303	0.085	 3.571881e-36	2	NFKBIA
IGFBP5	 1.849736e-40	-0.4518724	0.106	0.365	 3.781046e-36	2	IGFBP5
MAT2A	 7.500244e-40	 0.2963113	0.365	0.148	 1.533125e-35	2	MAT2A
LDHB	 1.022379e-39	-0.3351028	0.211	0.490	 2.089846e-35	2	LDHB
COX6A1P2	 1.224933e-39	-0.3089615	0.149	0.423	 2.503886e-35	2	COX6A1P2
MALAT1.2	 2.145477e-39	 0.4094856	0.908	0.718	 4.385570e-35	2	MALAT1
RPS2P46	 3.770636e-39	-0.2981514	0.125	0.389	 7.707557e-35	2	RPS2P46
RPS19P1.1	 7.054811e-39	-0.3643590	0.426	0.688	 1.442074e-34	2	RPS19P1
CD81	 2.442024e-38	 0.3217396	0.624	0.379	 4.991741e-34	2	CD81
BCYRN1.1	 1.363113e-37	-0.5303638	0.086	0.327	 2.786340e-33	2	BCYRN1
FTLP2	 1.748611e-37	 0.3066466	0.372	0.157	 3.574336e-33	2	FTLP2
RPLP0P6	 1.794123e-37	-0.3059118	0.176	0.445	 3.667368e-33	2	RPLP0P6
EGFR	 9.684739e-37	-0.3240025	0.092	0.334	 1.979658e-32	2	EGFR
YBX1.1	 2.038020e-36	-0.3422023	0.240	0.508	 4.165916e-32	2	YBX1
EEF2	 2.192263e-36	-0.3374947	0.361	0.636	 4.481204e-32	2	EEF2
RP11-169K16.8	 7.819611e-36	-0.3023393	0.207	0.477	 1.598407e-31	2	RP11-169K16.8
CTD-2192J16.15	 1.118459e-35	-0.3159909	0.228	0.497	 2.286241e-31	2	CTD-2192J16.15
PTMA.1	 1.343564e-35	-0.3851644	0.552	0.750	 2.746379e-31	2	PTMA
FXYD6	 3.788441e-35	-0.2836616	0.099	0.342	 7.743953e-31	2	FXYD6
RPL18AP3	 4.088222e-35	-0.3030635	0.200	0.470	 8.356734e-31	2	RPL18AP3
AC004453.8	 6.593886e-35	-0.3029111	0.187	0.439	 1.347856e-30	2	AC004453.8
RP11-234A1.1.1	 8.137725e-35	-0.3306735	0.365	0.630	 1.663432e-30	2	RP11-234A1.1
HIF1A	 1.150284e-34	 0.2606457	0.378	0.169	 2.351297e-30	2	HIF1A
NFIX	 1.412572e-34	-0.2750239	0.083	0.311	 2.887438e-30	2	NFIX
RPS19P3.1	 2.369671e-34	-0.3341565	0.380	0.632	 4.843843e-30	2	RPS19P3
RPS15AP1	 5.134656e-34	-0.2695833	0.161	0.421	 1.049575e-29	2	RPS15AP1
SEPW1	 8.973636e-34	-0.2679975	0.134	0.381	 1.834301e-29	2	SEPW1
NCAN	 1.506359e-33	-0.2902764	0.066	0.282	 3.079149e-29	2	NCAN
HSPA1A.2	 3.170951e-33	 0.4739493	0.653	0.487	 6.481741e-29	2	HSPA1A
ACTG1	 5.087477e-33	-0.3425085	0.629	0.827	 1.039931e-28	2	ACTG1
COX6A1	 7.232006e-33	-0.3078174	0.262	0.521	 1.478294e-28	2	COX6A1
LSM7	 9.207872e-33	-0.2864356	0.160	0.406	 1.882181e-28	2	LSM7
TBCB	 2.587199e-32	-0.2664136	0.156	0.409	 5.288494e-28	2	TBCB
PTMAP5	 2.877838e-32	-0.2712659	0.147	0.386	 5.882589e-28	2	PTMAP5
UBE2S.1	 5.145775e-32	-0.3017574	0.114	0.344	 1.051848e-27	2	UBE2S
RPL32	 1.342812e-31	-0.3355153	0.528	0.744	 2.744843e-27	2	RPL32
CTC-575D19.1	 1.461455e-31	-0.2902524	0.211	0.457	 2.987359e-27	2	CTC-575D19.1
UBC	 2.614958e-31	 0.3061376	0.789	0.651	 5.345236e-27	2	UBC
RPL35A	 3.098498e-31	-0.3174614	0.472	0.706	 6.333639e-27	2	RPL35A
FADS2	 3.551719e-31	-0.2581470	0.044	0.235	 7.260069e-27	2	FADS2
RP11-393N4.2	 7.289401e-31	-0.2542818	0.123	0.351	 1.490027e-26	2	RP11-393N4.2
APP	 1.010944e-30	-0.2587470	0.114	0.339	 2.066470e-26	2	APP
SNRPD2	 1.270590e-30	-0.3070860	0.283	0.515	 2.597214e-26	2	SNRPD2
ID2	 4.957256e-30	 0.2815014	0.407	0.184	 1.013313e-25	2	ID2
STMN1.1	 5.130126e-30	-0.3101804	0.224	0.469	 1.048649e-25	2	STMN1
RPL13A	 1.371082e-29	-0.2915694	0.734	0.872	 2.802629e-25	2	RPL13A
RPLP0	 4.170860e-29	-0.3110114	0.453	0.685	 8.525654e-25	2	RPLP0
LRRC75A-AS1	 4.340208e-29	-0.2694502	0.180	0.418	 8.871819e-25	2	LRRC75A-AS1
HLA-A	 5.829474e-29	 0.3078413	0.694	0.488	 1.191603e-24	2	HLA-A
HMGB1.1	 8.488731e-29	-0.3437974	0.261	0.487	 1.735181e-24	2	HMGB1
SC22CB-1E7.1	 1.155032e-28	-0.2726363	0.187	0.413	 2.361001e-24	2	SC22CB-1E7.1
HNRNPA1.1	 1.288353e-28	-0.2962170	0.372	0.611	 2.633523e-24	2	HNRNPA1
AC016739.2	 1.394998e-28	-0.2899215	0.541	0.764	 2.851516e-24	2	AC016739.2
RPL36.1	 2.050295e-28	-0.3172855	0.541	0.739	 4.191009e-24	2	RPL36
YWHAE	 2.760678e-28	-0.2840415	0.266	0.506	 5.643103e-24	2	YWHAE
COX7A2	 3.037238e-28	-0.2638825	0.220	0.461	 6.208418e-24	2	COX7A2
RPL26P19	 3.894350e-28	-0.2792993	0.239	0.472	 7.960441e-24	2	RPL26P19
TCEB2	 4.520544e-28	-0.2727057	0.226	0.463	 9.240444e-24	2	TCEB2
PPDPF.1	 6.915730e-28	-0.2711538	0.169	0.386	 1.413644e-23	2	PPDPF
CTD-3035D6.1	 3.218240e-27	-0.2510216	0.202	0.427	 6.578404e-23	2	CTD-3035D6.1
COX8A.1	 1.785424e-26	-0.2565159	0.224	0.457	 3.649586e-22	2	COX8A
HSPA8	 2.102615e-26	 0.2784792	0.684	0.553	 4.297956e-22	2	HSPA8
NDUFS5	 2.153181e-26	-0.2688080	0.233	0.459	 4.401318e-22	2	NDUFS5
SPARCL1	 2.206372e-26	-0.3769270	0.143	0.339	 4.510046e-22	2	SPARCL1
OAZ1	 2.776349e-26	 0.2619267	0.617	0.444	 5.675135e-22	2	OAZ1
RPS28	 2.931675e-26	-0.2634193	0.712	0.877	 5.992637e-22	2	RPS28
RPS11P5	 3.591904e-26	-0.2573599	0.246	0.473	 7.342212e-22	2	RPS11P5
EIF1	 3.931393e-26	 0.2577591	0.679	0.553	 8.036161e-22	2	EIF1
ITM2C.1	 6.289511e-26	-0.3368336	0.119	0.315	 1.285639e-21	2	ITM2C
GSTP1	 9.083288e-26	-0.2661749	0.261	0.484	 1.856715e-21	2	GSTP1
NUCKS1.1	 2.458513e-25	-0.2639972	0.165	0.379	 5.025447e-21	2	NUCKS1
CIRBP	 2.951759e-25	-0.2813126	0.345	0.577	 6.033691e-21	2	CIRBP
CPE	 3.963591e-25	-0.2690072	0.090	0.279	 8.101977e-21	2	CPE
TUBB.1	 6.257719e-25	-0.3175863	0.301	0.517	 1.279140e-20	2	TUBB
SUB1	 7.864842e-25	-0.2501652	0.200	0.418	 1.607652e-20	2	SUB1
RPS16	 2.276476e-24	-0.2653692	0.661	0.821	 4.653344e-20	2	RPS16
UQCR11	 4.138675e-24	-0.2760067	0.409	0.629	 8.459866e-20	2	UQCR11
RPS6	 1.542805e-23	 0.2528081	0.571	0.397	 3.153648e-19	2	RPS6
RPS19	 3.919036e-23	-0.2546578	0.853	0.926	 8.010901e-19	2	RPS19
RPL23A	 1.563626e-22	-0.2664110	0.411	0.614	 3.196207e-18	2	RPL23A
RPL41	 2.651260e-22	-0.2524217	0.815	0.909	 5.419441e-18	2	RPL41
RPL18A.1	 3.007069e-22	-0.2739151	0.593	0.759	 6.146749e-18	2	RPL18A
TUBA1B.1	 3.382480e-22	-0.3776630	0.514	0.680	 6.914126e-18	2	TUBA1B
COX6C	 3.423880e-22	-0.2640453	0.376	0.583	 6.998753e-18	2	COX6C
VIM	 4.651354e-22	-0.3200499	0.484	0.651	 9.507833e-18	2	VIM
LGALS1.1	 2.254082e-21	-0.3277983	0.382	0.570	 4.607568e-17	2	LGALS1
RPS26	 2.475761e-21	-0.2626152	0.534	0.707	 5.060703e-17	2	RPS26
GNB2L1	 3.887072e-21	-0.2659502	0.450	0.642	 7.945564e-17	2	GNB2L1
DYNLL1	 4.474713e-21	-0.2547954	0.306	0.491	 9.146760e-17	2	DYNLL1
AQP4.2	 1.552129e-20	-0.3453198	0.086	0.235	 3.172707e-16	2	AQP4
TMSB10	 2.697851e-20	 0.2536185	0.846	0.716	 5.514678e-16	2	TMSB10
GFAP.2	 3.300877e-19	-0.5165310	0.218	0.339	 6.747323e-15	2	GFAP
CRYAB.2	 3.415807e-19	-0.7721631	0.382	0.507	 6.982252e-15	2	CRYAB
MT1X.2	 6.688060e-19	-0.3576044	0.152	0.313	 1.367106e-14	2	MT1X
CHI3L1.2	 7.257994e-17	-0.3972863	0.114	0.258	 1.483607e-12	2	CHI3L1
MT2P1	 1.411154e-14	-0.2833432	0.163	0.314	 2.884540e-10	2	MT2P1
ID3.2	 7.005179e-13	-0.2603159	0.106	0.199	 1.431929e-08	2	ID3
IGFBP7.2	 1.298997e-11	-0.3356101	0.105	0.204	 2.655280e-07	2	IGFBP7
MT2A.2	 2.583664e-08	-0.3302187	0.611	0.715	 5.281268e-04	2	MT2A
EGR1.2	 6.732313e-08	-0.2591347	0.215	0.316	 1.376152e-03	2	EGR1
TUBA1A.2	 3.437564e-80	 0.6143839	0.954	0.746	 7.026725e-76	3	TUBA1A
RP11-161M6.2	 2.219413e-53	 0.3854821	0.291	0.052	 4.536701e-49	3	RP11-161M6.2
TUBB4A	 1.278585e-51	 0.2876913	0.267	0.034	 2.613556e-47	3	TUBB4A
SMOC1	 3.055193e-49	 0.3195022	0.350	0.074	 6.245120e-45	3	SMOC1
SHD	 3.518365e-48	 0.2532946	0.259	0.030	 7.191890e-44	3	SHD
CST3.1	 1.796463e-45	-0.6549121	0.652	0.855	 3.672150e-41	3	CST3
SOX8	 9.531181e-42	 0.2943090	0.323	0.075	 1.948269e-37	3	SOX8
MT2A.3	 3.163622e-41	-0.8336598	0.466	0.725	 6.466759e-37	3	MT2A
MARCKSL1.1	 3.168011e-41	 0.3893330	0.631	0.335	 6.475731e-37	3	MARCKSL1
CNP	 8.944479e-41	 0.3257229	0.356	0.126	 1.828341e-36	3	CNP
PLP1	 2.508059e-39	 0.4776124	0.272	0.087	 5.126724e-35	3	PLP1
DLL3	 4.028244e-39	 0.4130048	0.375	0.109	 8.234133e-35	3	DLL3
VIM.1	 4.588198e-39	-0.5175052	0.342	0.658	 9.378736e-35	3	VIM
SOX4	 5.144942e-37	 0.3675201	0.482	0.183	 1.051678e-32	3	SOX4
HMGCS1	 6.079470e-37	 0.2961750	0.291	0.084	 1.242705e-32	3	HMGCS1
GAPDH.1	 1.442288e-36	-0.4559413	0.825	0.928	 2.948182e-32	3	GAPDH
NNAT	 1.411954e-35	 0.2712606	0.294	0.061	 2.886176e-31	3	NNAT
TMSB4X.2	 3.446242e-35	-0.4725509	0.787	0.921	 7.044464e-31	3	TMSB4X
NCAM1	 5.287420e-34	 0.3178933	0.410	0.180	 1.080802e-29	3	NCAM1
MT2P1.1	 7.002779e-34	-0.4503824	0.057	0.318	 1.431438e-29	3	MT2P1
B2M.3	 6.840775e-32	-0.6416391	0.332	0.598	 1.398323e-27	3	B2M
APOE.3	 4.080888e-29	-0.8722627	0.208	0.413	 8.341743e-25	3	APOE
SOX11	 4.346790e-29	 0.2566795	0.329	0.097	 8.885274e-25	3	SOX11
HLA-B.3	 1.452350e-28	-0.5535120	0.224	0.484	 2.968748e-24	3	HLA-B
GADD45G	 8.235951e-28	 0.2579115	0.302	0.086	 1.683511e-23	3	GADD45G
HLA-A.1	 1.446944e-27	-0.3688499	0.264	0.545	 2.957699e-23	3	HLA-A
C3.3	 1.389937e-23	-0.3652497	0.019	0.188	 2.841171e-19	3	C3
MT3.2	 3.772030e-23	-0.4690632	0.493	0.705	 7.710406e-19	3	MT3
SPARC.2	 7.361478e-23	-0.5387338	0.321	0.549	 1.504760e-18	3	SPARC
CD74.3	 2.937936e-21	-0.7784387	0.124	0.265	 6.005434e-17	3	CD74
A2M.3	 1.128568e-20	-0.3453884	0.054	0.228	 2.306907e-16	3	A2M
C1QB.3	 1.266777e-20	-0.6427494	0.102	0.232	 2.589419e-16	3	C1QB
MT1XP1	 2.317043e-20	-0.2501255	0.035	0.208	 4.736268e-16	3	MT1XP1
HLA-DRB1.3	 3.003957e-20	-0.3780209	0.035	0.190	 6.140388e-16	3	HLA-DRB1
CTSB.3	 1.425874e-19	-0.4122859	0.111	0.288	 2.914629e-15	3	CTSB
LGALS1.2	 5.458726e-19	-0.3658243	0.369	0.562	 1.115818e-14	3	LGALS1
HLA-C.2	 5.993077e-18	-0.3006517	0.132	0.329	 1.225045e-13	3	HLA-C
SRGN.3	 6.019972e-18	-0.3998962	0.062	0.207	 1.230542e-13	3	SRGN
MT1X.3	 1.140413e-17	-0.3863202	0.119	0.309	 2.331118e-13	3	MT1X
FCGBP.3	 2.197788e-17	-0.5726613	0.092	0.225	 4.492498e-13	3	FCGBP
JUNB.2	 6.737715e-17	-0.3046394	0.151	0.351	 1.377256e-12	3	JUNB
APOC1.3	 1.396530e-16	-0.5022760	0.119	0.248	 2.854646e-12	3	APOC1
MARCKS	 1.760543e-16	 0.2622607	0.604	0.448	 3.598727e-12	3	MARCKS
SPARCL1.1	 3.039677e-16	-0.3506795	0.148	0.329	 6.213403e-12	3	SPARCL1
HLA-DRA.3	 7.776214e-16	-0.4993510	0.127	0.262	 1.589536e-11	3	HLA-DRA
C1QA.3	 1.528658e-15	-0.3323319	0.059	0.184	 3.124730e-11	3	C1QA
HLA-DPA1.3	 2.530025e-15	-0.2615699	0.040	0.168	 5.171623e-11	3	HLA-DPA1
CD63	 5.405121e-15	-0.2567806	0.337	0.537	 1.104861e-10	3	CD63
SPP1.3	 6.845795e-15	-1.1416841	0.412	0.518	 1.399349e-10	3	SPP1
AQP4.3	 1.492195e-14	-0.3437836	0.084	0.227	 3.050195e-10	3	AQP4
TUBA1B.2	 3.849559e-14	-0.3308147	0.588	0.663	 7.868884e-10	3	TUBA1B
SAT1.3	 4.249789e-14	-0.3379954	0.140	0.274	 8.686994e-10	3	SAT1
LAPTM5.3	 6.400507e-14	-0.2542213	0.046	0.161	 1.308328e-09	3	LAPTM5
IGFBP2.1	 6.692746e-14	-0.3523779	0.173	0.350	 1.368064e-09	3	IGFBP2
ZFP36.3	 1.163704e-13	-0.3120198	0.151	0.307	 2.378727e-09	3	ZFP36
EGR1.3	 2.051077e-13	-0.3808088	0.154	0.318	 4.192607e-09	3	EGR1
PTMA.2	 2.405428e-13	 0.2529298	0.849	0.708	 4.916936e-09	3	PTMA
PSAP.3	 1.925264e-12	-0.3219850	0.240	0.390	 3.935432e-08	3	PSAP
CLU.3	 9.211952e-12	-0.4917978	0.356	0.488	 1.883015e-07	3	CLU
GPX1.2	 2.130031e-11	-0.2845922	0.259	0.361	 4.353996e-07	3	GPX1
ITM2C.2	 4.250142e-11	-0.2746093	0.154	0.301	 8.687715e-07	3	ITM2C
CHI3L1.3	 5.533816e-11	-0.3830398	0.121	0.250	 1.131167e-06	3	CHI3L1
ID3.3	 5.737251e-11	-0.2756170	0.073	0.198	 1.172752e-06	3	ID3
FOS.2	 7.644877e-11	-0.3940220	0.342	0.485	 1.562689e-06	3	FOS
CTSD.3	 1.268423e-10	-0.2765723	0.156	0.276	 2.592784e-06	3	CTSD
CCL4.3	 4.164829e-10	-0.3381194	0.078	0.169	 8.513327e-06	3	CCL4
BCYRN1.2	 1.191220e-09	-0.3759805	0.181	0.305	 2.434973e-05	3	BCYRN1
NEAT1.3	 4.697636e-09	-0.2560093	0.129	0.235	 9.602437e-05	3	NEAT1
GFAP.3	 6.234836e-09	-0.3800350	0.305	0.324	 1.274463e-04	3	GFAP
IGFBP7.3	 1.102809e-08	-0.3346181	0.102	0.199	 2.254252e-04	3	IGFBP7
CRYAB.4	 0.000000e+00	 2.2189399	0.994	0.435	 0.000000e+00	4	CRYAB
GFAP.4	 0.000000e+00	 1.6330456	0.972	0.253	 0.000000e+00	4	GFAP
ID3.4	9.367644e-272	 1.2106789	0.860	0.113	1.914840e-267	4	ID3
ITM2C.3	8.737036e-252	 1.0857273	0.879	0.223	1.785938e-247	4	ITM2C
CLU.4	8.532602e-237	 1.3055621	0.978	0.421	1.744149e-232	4	CLU
AQP4.4	1.599255e-233	 1.1812792	0.879	0.142	3.269036e-229	4	AQP4
FOS.3	2.003098e-209	 1.2042864	0.923	0.423	4.094533e-205	4	FOS
APOE.4	2.343220e-176	 1.3094133	0.950	0.333	4.789776e-172	4	APOE
EGR1.4	2.849627e-164	 1.1234558	0.826	0.246	5.824923e-160	4	EGR1
GJA1	6.678425e-150	 0.7951446	0.645	0.082	1.365137e-145	4	GJA1
C1orf61.2	3.515700e-148	 0.8951633	0.906	0.431	7.186443e-144	4	C1orf61
CNN3.1	7.805698e-144	 0.7855975	0.815	0.301	1.595563e-139	4	CNN3
HSPB8	5.069052e-141	 0.5252827	0.523	0.030	1.036165e-136	4	HSPB8
S100A6.2	2.832341e-130	 0.9127368	0.848	0.429	5.789588e-126	4	S100A6
SPARCL1.2	3.781259e-124	 0.8918722	0.777	0.261	7.729271e-120	4	SPARCL1
FADS2.1	3.865412e-124	 0.6937904	0.664	0.158	7.901288e-120	4	FADS2
ZFP36.4	3.501614e-121	 0.8791630	0.738	0.244	7.157648e-117	4	ZFP36
JUNB.3	1.225586e-107	 0.7449169	0.771	0.284	2.505220e-103	4	JUNB
ID4	2.367916e-102	 0.4777866	0.477	0.048	 4.840257e-98	4	ID4
SOD2	3.100816e-100	 0.6974858	0.598	0.133	 6.338379e-96	4	SOD2
MT1X.4	 2.178925e-90	 0.7629411	0.738	0.242	 4.453940e-86	4	MT1X
CD44	 5.479372e-86	 0.3967616	0.364	0.025	 1.120038e-81	4	CD44
CYR61	 1.086256e-78	 0.5441193	0.474	0.090	 2.220415e-74	4	CYR61
AQP1	 8.802555e-78	 0.4765922	0.380	0.035	 1.799330e-73	4	AQP1
FAM107A	 2.139098e-77	 0.3514125	0.320	0.019	 4.372529e-73	4	FAM107A
MT1G	 1.320606e-75	 0.5797056	0.567	0.140	 2.699452e-71	4	MT1G
CHI3L1.4	 3.511215e-75	 0.8011062	0.647	0.194	 7.177275e-71	4	CHI3L1
JUN.1	 1.339059e-72	 0.6570527	0.647	0.252	 2.737171e-68	4	JUN
RHOB	 1.527226e-71	 0.5122086	0.606	0.173	 3.121803e-67	4	RHOB
CEBPD	 3.396007e-70	 0.5795163	0.606	0.214	 6.941779e-66	4	CEBPD
HSPA1B.1	 3.972570e-70	 0.7320776	0.804	0.433	 8.120330e-66	4	HSPA1B
TIMP3	 3.250959e-66	 0.5118756	0.598	0.183	 6.645284e-62	4	TIMP3
GPM6B.1	 2.146828e-65	 0.5207217	0.744	0.341	 4.388331e-61	4	GPM6B
NUDT4	 9.734565e-63	 0.4832056	0.490	0.157	 1.989843e-58	4	NUDT4
ZFP36L2	 4.327874e-62	 0.5413668	0.559	0.199	 8.846608e-58	4	ZFP36L2
MASP1	 1.489808e-61	 0.3110568	0.342	0.043	 3.045316e-57	4	MASP1
IFITM3	 2.047239e-61	 0.5065370	0.576	0.194	 4.184761e-57	4	IFITM3
ALDOC	 3.686893e-60	 0.4668312	0.518	0.135	 7.536379e-56	4	ALDOC
DCLK1	 7.446936e-60	 0.3674690	0.408	0.083	 1.522228e-55	4	DCLK1
GADD45B.3	 5.044733e-59	 0.5012241	0.590	0.181	 1.031194e-54	4	GADD45B
GEM	 5.881552e-58	 0.3254220	0.289	0.030	 1.202248e-53	4	GEM
EMP1	 1.586656e-56	 0.4129004	0.419	0.108	 3.243284e-52	4	EMP1
MYBPC1	 3.437704e-55	 0.2853736	0.325	0.041	 7.027010e-51	4	MYBPC1
UG0898H09	 4.727108e-53	 0.2912849	0.322	0.044	 9.662681e-49	4	UG0898H09
MAOB	 5.079171e-53	 0.2501524	0.275	0.028	 1.038233e-48	4	MAOB
DPYSL2	 1.183257e-51	 0.4112976	0.579	0.214	 2.418695e-47	4	DPYSL2
MT1E	 3.949875e-50	 0.4428995	0.556	0.193	 8.073940e-46	4	MT1E
FOSB	 6.398229e-50	 0.5411570	0.523	0.273	 1.307862e-45	4	FOSB
C1R	 6.985710e-49	 0.2574528	0.253	0.025	 1.427949e-44	4	C1R
ATP1B1	 3.050390e-47	 0.2857224	0.306	0.053	 6.235302e-43	4	ATP1B1
AHCYL1	 9.302085e-47	 0.3319902	0.377	0.091	 1.901439e-42	4	AHCYL1
GADD45A	 5.371099e-46	 0.3306549	0.372	0.085	 1.097906e-41	4	GADD45A
LRIG1	 8.364904e-45	 0.3097493	0.314	0.069	 1.709870e-40	4	LRIG1
CTGF	 9.425669e-45	 0.4522040	0.369	0.081	 1.926701e-40	4	CTGF
DCLK2	 3.760904e-43	 0.3527246	0.466	0.154	 7.687663e-39	4	DCLK2
NFIA	 5.516562e-42	 0.3776440	0.526	0.191	 1.127640e-37	4	NFIA
NCAN.1	 2.834764e-41	 0.4366718	0.537	0.220	 5.794541e-37	4	NCAN
MT1F	 4.450043e-40	 0.2646788	0.331	0.074	 9.096333e-36	4	MT1F
ATP1B2	 4.842578e-40	 0.3292475	0.416	0.119	 9.898714e-36	4	ATP1B2
SOX9	 5.391442e-40	 0.3407085	0.399	0.125	 1.102065e-35	4	SOX9
CPE.1	 1.058553e-39	 0.3770235	0.567	0.218	 2.163788e-35	4	CPE
DNER	 8.690262e-39	 0.2591739	0.306	0.061	 1.776376e-34	4	DNER
MT1XP1.1	 9.119524e-39	 0.3774417	0.471	0.161	 1.864122e-34	4	MT1XP1
DTNA	 1.087139e-38	 0.3007866	0.391	0.105	 2.222220e-34	4	DTNA
FTH1.2	 1.971647e-38	 0.3324038	0.981	0.902	 4.030244e-34	4	FTH1
BAALC	 4.590481e-38	 0.3178570	0.402	0.122	 9.383401e-34	4	BAALC
LHFP	 1.352595e-37	 0.2619497	0.317	0.072	 2.764840e-33	4	LHFP
AGT	 9.999505e-36	 0.3199166	0.433	0.132	 2.043999e-31	4	AGT
MGP	 1.101858e-35	 0.3066620	0.253	0.045	 2.252309e-31	4	MGP
S100A10	 5.388954e-35	 0.3168664	0.435	0.150	 1.101556e-30	4	S100A10
DNAJB1	 2.315370e-34	 0.4252710	0.576	0.311	 4.732847e-30	4	DNAJB1
DDR1	 3.585874e-34	 0.2792469	0.402	0.130	 7.329885e-30	4	DDR1
TAGLN	 4.495413e-34	 0.2921452	0.251	0.043	 9.189074e-30	4	TAGLN
RPS19.1	 1.575336e-33	-0.4071931	0.796	0.928	 3.220143e-29	4	RPS19
PNRC1	 2.376551e-33	 0.3102685	0.375	0.149	 4.857907e-29	4	PNRC1
PTTG1IP	 2.804628e-32	 0.2867845	0.380	0.132	 5.732941e-28	4	PTTG1IP
TUBA1B.3	 1.936136e-31	-0.5397276	0.449	0.678	 3.957655e-27	4	TUBA1B
RPS2.3	 1.715803e-30	-0.4516433	0.620	0.812	 3.507273e-26	4	RPS2
TTYH1	 4.028528e-30	 0.2721983	0.416	0.145	 8.234714e-26	4	TTYH1
HSPA1A.3	 1.064333e-29	 0.4893293	0.708	0.490	 2.175603e-25	4	HSPA1A
SDC3	 6.526094e-29	 0.2909556	0.419	0.157	 1.333999e-24	4	SDC3
RPL37A	 2.264135e-28	-0.3742159	0.634	0.843	 4.628119e-24	4	RPL37A
ATP1A2.1	 2.306171e-28	 0.3431810	0.537	0.256	 4.714045e-24	4	ATP1A2
RPL10	 3.781076e-28	-0.3960445	0.598	0.814	 7.728897e-24	4	RPL10
NR4A1.1	 7.194863e-28	 0.3565477	0.493	0.238	 1.470702e-23	4	NR4A1
CD81.1	 2.690695e-27	 0.3268351	0.678	0.386	 5.500049e-23	4	CD81
NLRP1	 6.508637e-27	 0.2529047	0.333	0.111	 1.330430e-22	4	NLRP1
TSC22D4	 9.910381e-26	 0.2906022	0.471	0.214	 2.025781e-21	4	TSC22D4
PTMA.3	 2.006067e-25	-0.4187608	0.540	0.741	 4.100602e-21	4	PTMA
BCAN.1	 7.365984e-25	 0.3680458	0.854	0.621	 1.505681e-20	4	BCAN
RPS15.3	 8.982108e-25	-0.3750143	0.559	0.733	 1.836033e-20	4	RPS15
IFI6	 2.055466e-24	 0.3609846	0.413	0.186	 4.201578e-20	4	IFI6
RPL35	 2.089997e-24	-0.3596152	0.532	0.717	 4.272162e-20	4	RPL35
TUBB.2	 3.645541e-24	-0.3964838	0.256	0.510	 7.451851e-20	4	TUBB
RPL39	 4.186509e-24	-0.3556314	0.479	0.722	 8.557643e-20	4	RPL39
ID2.1	 1.607326e-23	 0.2772736	0.441	0.192	 3.285536e-19	4	ID2
RPL18A.2	 2.597816e-23	-0.3496076	0.554	0.754	 5.310196e-19	4	RPL18A
ZFP36L1	 4.236092e-23	 0.3014582	0.438	0.224	 8.658997e-19	4	ZFP36L1
ITM2B.1	 4.815007e-23	 0.2885604	0.625	0.364	 9.842355e-19	4	ITM2B
HMGB2.1	 1.579969e-22	-0.2529187	0.036	0.225	 3.229615e-18	4	HMGB2
PMP2	 8.631276e-22	 0.2543571	0.416	0.182	 1.764319e-17	4	PMP2
RPL8	 4.033152e-21	-0.3311567	0.366	0.611	 8.244166e-17	4	RPL8
VIM.2	 3.958394e-20	 0.2731361	0.829	0.605	 8.091352e-16	4	VIM
RPS19P3.2	 6.973186e-20	-0.3417806	0.399	0.617	 1.425389e-15	4	RPS19P3
JUND	 1.507387e-19	 0.3331515	0.645	0.465	 3.081249e-15	4	JUND
HMGN2.1	 2.313031e-19	-0.3121699	0.174	0.387	 4.728067e-15	4	HMGN2
C1QB.4	 1.078395e-18	-0.6211674	0.121	0.230	 2.204346e-14	4	C1QB
RP11-122G18.7.2	 1.894331e-18	-0.3149661	0.275	0.506	 3.872203e-14	4	RP11-122G18.7
RPL13	 1.982839e-18	-0.3001334	0.584	0.776	 4.053121e-14	4	RPL13
POSTN.2	 2.753998e-18	-0.2942319	0.143	0.340	 5.629448e-14	4	POSTN
TMSB10.1	 6.285621e-18	-0.3631720	0.573	0.752	 1.284844e-13	4	TMSB10
RP11-466H18.1	 7.539522e-18	-0.2793730	0.220	0.461	 1.541154e-13	4	RP11-466H18.1
CD74.4	 1.158839e-17	-0.7370035	0.160	0.261	 2.368783e-13	4	CD74
AC007969.5.3	 1.193587e-17	-0.3112738	0.377	0.567	 2.439811e-13	4	AC007969.5
RPS12	 1.490010e-17	-0.3061697	0.590	0.773	 3.045729e-13	4	RPS12
RPL26	 2.381454e-17	-0.3077679	0.386	0.600	 4.867930e-13	4	RPL26
RPS19P1.2	 2.999702e-17	-0.3246546	0.460	0.671	 6.131692e-13	4	RPS19P1
RPL32.1	 4.998807e-17	-0.2989052	0.590	0.726	 1.021806e-12	4	RPL32
GNB2L1.1	 5.124355e-17	-0.2990532	0.430	0.634	 1.047469e-12	4	GNB2L1
RPL35A.1	 6.409746e-17	-0.3155411	0.496	0.691	 1.310216e-12	4	RPL35A
RPS3	 6.646358e-17	-0.2822757	0.353	0.538	 1.358582e-12	4	RPS3
RPS2P5.2	 6.682601e-17	-0.2911233	0.226	0.441	 1.365991e-12	4	RPS2P5
RPL23A.1	 2.588480e-16	-0.2989977	0.388	0.606	 5.291112e-12	4	RPL23A
IGFBP2.2	 4.746382e-16	-0.3670679	0.176	0.349	 9.702079e-12	4	IGFBP2
RPS18.2	 4.874005e-16	-0.2961529	0.634	0.753	 9.962953e-12	4	RPS18
YBX1.2	 1.158286e-15	-0.2952926	0.284	0.489	 2.367653e-11	4	YBX1
RPS11	 1.490785e-15	-0.2715581	0.716	0.829	 3.047313e-11	4	RPS11
RPLP2	 1.889137e-15	-0.2614319	0.752	0.850	 3.861586e-11	4	RPLP2
HSP90AB1	 2.061817e-15	-0.2927900	0.408	0.604	 4.214560e-11	4	HSP90AB1
TUBA1A.3	 2.501663e-15	-0.3433566	0.669	0.777	 5.113649e-11	4	TUBA1A
RPS16.1	 3.542205e-15	-0.2638402	0.700	0.808	 7.240621e-11	4	RPS16
RPL13A.1	 3.761568e-15	-0.2680360	0.799	0.858	 7.689022e-11	4	RPL13A
RPS8	 6.018669e-15	-0.2821256	0.584	0.745	 1.230276e-10	4	RPS8
FCGBP.4	 7.616123e-15	-0.5563815	0.102	0.224	 1.556812e-10	4	FCGBP
RPS20	 8.808173e-15	-0.2871941	0.482	0.665	 1.800479e-10	4	RPS20
RPL37	 1.586820e-14	-0.2745782	0.416	0.616	 3.243619e-10	4	RPL37
SPP1.4	 2.753680e-14	-1.0684363	0.510	0.507	 5.628797e-10	4	SPP1
RPL38	 4.534481e-14	-0.2613061	0.570	0.732	 9.268933e-10	4	RPL38
RPL12	 5.709674e-14	-0.2683738	0.452	0.655	 1.167114e-09	4	RPL12
AC079250.1.1	 5.776958e-14	-0.2599696	0.320	0.502	 1.180868e-09	4	AC079250.1
C1QA.4	 1.195930e-13	-0.3275470	0.055	0.184	 2.444600e-09	4	C1QA
STMN1.2	 1.213734e-13	-0.2745995	0.264	0.452	 2.480993e-09	4	STMN1
HLA-DRA.4	 1.518796e-13	-0.4751995	0.160	0.258	 3.104570e-09	4	HLA-DRA
RPS17	 2.912534e-13	-0.2696328	0.471	0.644	 5.953510e-09	4	RPS17
SRGN.4	 3.978118e-13	-0.3330672	0.132	0.199	 8.131671e-09	4	SRGN
LAPTM5.4	 4.543845e-13	-0.2583616	0.039	0.162	 9.288074e-09	4	LAPTM5
HLA-DRB1.4	 1.854070e-12	-0.3290747	0.085	0.185	 3.789904e-08	4	HLA-DRB1
HNRNPA1.2	 1.101362e-11	-0.2567070	0.430	0.592	 2.251293e-07	4	HNRNPA1
APOC1.4	 1.191518e-11	-0.4857468	0.132	0.246	 2.435582e-07	4	APOC1
GPX1.3	 8.667711e-11	-0.2897494	0.251	0.362	 1.771767e-06	4	GPX1
A2M.4	 1.380229e-10	-0.2860442	0.099	0.223	 2.821326e-06	4	A2M
SEC61G.2	 7.372025e-10	-0.3225258	0.945	0.931	 1.506916e-05	4	SEC61G
CCL4.4	 2.919337e-07	-0.3166657	0.091	0.167	 5.967418e-03	4	CCL4
MT2A.4	4.154772e-243	 1.5677623	0.977	0.679	8.492770e-239	5	MT2A
MT2P1.2	4.629688e-176	 1.2119922	0.857	0.250	9.463545e-172	5	MT2P1
IGFBP2.3	1.349853e-100	 1.1039166	0.679	0.306	 2.759234e-96	5	IGFBP2
MT1X.5	 1.002466e-93	 0.9677032	0.781	0.253	 2.049142e-89	5	MT1X
MT1XP1.2	 1.404230e-89	 0.7550139	0.664	0.155	 2.870387e-85	5	MT1XP1
IGFBP5.1	 1.266446e-85	 0.9761963	0.649	0.303	 2.588742e-81	5	IGFBP5
MT1P1	 2.098629e-78	 0.5588249	0.558	0.108	 4.289807e-74	5	MT1P1
CHI3L1.5	 6.693835e-70	 1.0703082	0.589	0.211	 1.368287e-65	5	CHI3L1
SEC61G.3	 2.982927e-65	 0.7451000	0.996	0.927	 6.097401e-61	5	SEC61G
VEGFA	 8.571369e-60	 0.5573715	0.445	0.109	 1.752074e-55	5	VEGFA
MT1G.1	 2.797906e-59	 0.6582440	0.577	0.151	 5.719200e-55	5	MT1G
COL6A1	 3.431681e-54	 0.6382445	0.381	0.117	 7.014699e-50	5	COL6A1
GAPDH.2	 3.453150e-47	 0.5622175	0.985	0.912	 7.058585e-43	5	GAPDH
MT3.3	 9.724497e-46	 0.6345445	0.868	0.670	 1.987784e-41	5	MT3
CPE.2	 5.372524e-35	 0.4989705	0.438	0.238	 1.098198e-30	5	CPE
LGALS3	 1.208134e-33	 0.3538245	0.336	0.103	 2.469547e-29	5	LGALS3
OLFM1	 9.477612e-27	 0.2646046	0.238	0.049	 1.937319e-22	5	OLFM1
MT1E.1	 1.020905e-25	 0.3947334	0.468	0.210	 2.086832e-21	5	MT1E
SLN	 3.691152e-23	 0.2846624	0.136	0.013	 7.545085e-19	5	SLN
S100A10.1	 3.732256e-23	 0.3399903	0.377	0.163	 7.629104e-19	5	S100A10
SPARC.3	 2.940575e-22	 0.4106230	0.774	0.508	 6.010830e-18	5	SPARC
CLU.5	 6.223376e-21	 0.5382807	0.721	0.456	 1.272120e-16	5	CLU
COL1A2	 1.661505e-20	 0.3283969	0.325	0.128	 3.396281e-16	5	COL1A2
VIM.3	 2.180826e-20	 0.3680893	0.781	0.615	 4.457826e-16	5	VIM
LGALS1.3	 2.829980e-20	 0.4013864	0.740	0.528	 5.784762e-16	5	LGALS1
IGFBP3	 5.984767e-20	 0.3165024	0.249	0.080	 1.223346e-15	5	IGFBP3
CST3.2	 8.874197e-20	 0.4263692	0.921	0.828	 1.813975e-15	5	CST3
TIMP1	 2.763700e-19	 0.3249387	0.449	0.229	 5.649279e-15	5	TIMP1
SRGN.5	 4.240932e-17	-0.4244725	0.030	0.205	 8.668890e-13	5	SRGN
C1QB.5	 1.051627e-16	-0.6689484	0.064	0.231	 2.149631e-12	5	C1QB
HLA-DRB1.5	 6.285464e-16	-0.3827178	0.026	0.186	 1.284812e-11	5	HLA-DRB1
FN1	 4.715151e-15	 0.4132511	0.343	0.165	 9.638241e-11	5	FN1
CD74.5	 1.245787e-13	-0.7097420	0.170	0.257	 2.546513e-09	5	CD74
FCGBP.5	 3.849056e-13	-0.5738662	0.079	0.222	 7.867856e-09	5	FCGBP
HLA-DRA.5	 5.201077e-13	-0.5176278	0.109	0.259	 1.063152e-08	5	HLA-DRA
MIF.1	 1.504388e-12	 0.2642074	0.574	0.386	 3.075119e-08	5	MIF
C1QA.5	 2.704299e-12	-0.3377829	0.045	0.181	 5.527857e-08	5	C1QA
TUBB.3	 4.024007e-11	-0.2929964	0.298	0.500	 8.225473e-07	5	TUBB
HLA-DPA1.4	 5.684979e-11	-0.2573269	0.038	0.164	 1.162066e-06	5	HLA-DPA1
CALR	 8.816972e-11	 0.2500726	0.517	0.375	 1.802277e-06	5	CALR
TUBA1A.4	 1.410949e-10	-0.3071056	0.675	0.773	 2.884121e-06	5	TUBA1A
H19	 4.235184e-10	 0.2572880	0.102	0.056	 8.657139e-06	5	H19
APOC1.5	 2.977605e-09	-0.4584126	0.121	0.244	 6.086522e-05	5	APOC1
SPARCL1.3	 1.127688e-08	 0.2942457	0.411	0.303	 2.305106e-04	5	SPARCL1
B2M.4	 2.890157e-08	-0.3882150	0.521	0.576	 5.907771e-04	5	B2M
C3.4	 3.868160e-08	-0.2878701	0.068	0.179	 7.906906e-04	5	C3
CCL4.5	 4.681060e-08	-0.3431927	0.060	0.168	 9.568554e-04	5	CCL4
SPP1.5	 5.369327e-08	-0.9950592	0.408	0.515	 1.097544e-03	5	SPP1
CTSB.4	 6.658261e-08	-0.3189175	0.170	0.278	 1.361015e-03	5	CTSB
CST3.3	3.488159e-104	 0.9135197	0.972	0.825	7.130146e-100	6	CST3
BCAN.2	 1.053811e-60	 0.6776774	0.904	0.625	 2.154095e-56	6	BCAN
MT3.4	 2.117000e-53	 0.6401632	0.940	0.666	 4.327360e-49	6	MT3
ATP1A2.2	 2.177884e-49	 0.5364832	0.697	0.254	 4.451813e-45	6	ATP1A2
CLU.6	 3.516910e-47	 0.6536854	0.865	0.447	 7.188915e-43	6	CLU
NCAN.2	 2.666343e-39	 0.4966058	0.566	0.228	 5.450273e-35	6	NCAN
ALDOC.1	 4.877815e-38	 0.4514157	0.486	0.150	 9.970742e-34	6	ALDOC
AQP4.5	 8.822883e-36	 0.4908201	0.570	0.188	 1.803485e-31	6	AQP4
GFAP.6	 1.914711e-31	 0.5345488	0.673	0.297	 3.913861e-27	6	GFAP
AGT.1	 2.751763e-28	 0.3466771	0.438	0.141	 5.624880e-24	6	AGT
C1orf61.3	 4.999116e-25	 0.4601952	0.745	0.457	 1.021869e-20	6	C1orf61
ATP1B2.1	 1.983537e-21	 0.2778323	0.382	0.131	 4.054547e-17	6	ATP1B2
TSC22D4.1	 1.284592e-20	 0.3105192	0.490	0.220	 2.625834e-16	6	TSC22D4
SPARC.4	 4.131674e-19	 0.2952232	0.785	0.508	 8.445555e-15	6	SPARC
PTPRZ1.1	 1.125973e-17	 0.3429150	0.677	0.431	 2.301602e-13	6	PTPRZ1
PTN.1	 7.640841e-17	 0.3406692	0.757	0.527	 1.561864e-12	6	PTN
CKB.1	 2.382541e-16	 0.3208601	0.797	0.599	 4.870152e-12	6	CKB
GPM6B.2	 4.811134e-16	 0.3031977	0.610	0.364	 9.834438e-12	6	GPM6B
SRGN.6	 2.260806e-14	-0.4133311	0.040	0.204	 4.621313e-10	6	SRGN
C1QB.6	 4.519429e-14	-0.6442333	0.088	0.229	 9.238164e-10	6	C1QB
C1QC.2	 5.586715e-14	-0.2528736	0.008	0.147	 1.141980e-09	6	C1QC
C3.5	 3.442995e-13	-0.3414328	0.032	0.181	 7.037826e-09	6	C3
PTMA.4	 3.852982e-13	-0.3406883	0.550	0.734	 7.875881e-09	6	PTMA
CD74.6	 1.510839e-12	-0.7401017	0.131	0.260	 3.088307e-08	6	CD74
TMSB10.2	 1.533634e-12	-0.3395519	0.554	0.748	 3.134901e-08	6	TMSB10
HLA-DRB1.6	 4.900697e-12	-0.3638049	0.044	0.185	 1.001751e-07	6	HLA-DRB1
S100B.1	 3.291012e-11	 0.2510160	0.534	0.350	 6.727159e-07	6	S100B
FCGBP.6	 4.579380e-11	-0.5526807	0.100	0.220	 9.360711e-07	6	FCGBP
HLA-DRA.6	 7.309213e-11	-0.4987709	0.120	0.258	 1.494076e-06	6	HLA-DRA
TUBA1B.4	 9.348157e-11	-0.3612979	0.558	0.663	 1.910857e-06	6	TUBA1B
C1QA.6	 9.846088e-11	-0.3301152	0.052	0.180	 2.012639e-06	6	C1QA
SPP1.6	 1.030545e-10	-1.1332407	0.450	0.511	 2.106537e-06	6	SPP1
HLA-DPA1.5	 6.411104e-10	-0.2542852	0.040	0.163	 1.310494e-05	6	HLA-DPA1
LAPTM5.5	 1.933154e-09	-0.2525874	0.040	0.158	 3.951560e-05	6	LAPTM5
APOC1.6	 2.298321e-09	-0.4844239	0.124	0.243	 4.697999e-05	6	APOC1
APOE.5	 4.400634e-09	-0.5342082	0.347	0.396	 8.995336e-05	6	APOE
A2M.5	 7.199945e-08	-0.2820168	0.100	0.219	 1.471741e-03	6	A2M
CCL4.6	 2.040841e-07	-0.3424365	0.064	0.167	 4.171684e-03	6	CCL4
MALAT1.4	 1.334153e-67	 0.8972834	0.917	0.735	 2.727141e-63	7	MALAT1
AP000769.1	 2.058122e-20	 0.2693585	0.295	0.075	 4.207008e-16	7	AP000769.1
APOE.6	 8.368136e-18	-0.8566133	0.212	0.404	 1.710531e-13	7	APOE
PTPRZ1.2	 2.502428e-13	 0.3005674	0.650	0.435	 5.115213e-09	7	PTPRZ1
SRGN.7	 1.776631e-11	-0.3992802	0.051	0.201	 3.631612e-07	7	SRGN
C1QB.7	 2.231226e-11	-0.6133541	0.111	0.226	 4.560848e-07	7	C1QB
CD74.7	 1.185593e-10	-0.7374646	0.120	0.259	 2.423471e-06	7	CD74
C3.6	 8.444514e-10	-0.3243820	0.041	0.179	 1.726143e-05	7	C3
TMSB10.3	 1.270718e-09	-0.3197954	0.576	0.744	 2.597475e-05	7	TMSB10
A2M.6	 1.540319e-09	-0.3069201	0.065	0.220	 3.148567e-05	7	A2M
C1QA.7	 4.577701e-09	-0.3239442	0.055	0.179	 9.357279e-05	7	C1QA
B2M.6	 4.652982e-09	-0.4476845	0.488	0.577	 9.511160e-05	7	B2M
FCGBP.7	 8.228621e-09	-0.5254867	0.115	0.218	 1.682012e-04	7	FCGBP
HLA-B.5	 9.195128e-09	-0.4076340	0.346	0.465	 1.879576e-04	7	HLA-B
HLA-DRB1.7	 1.047994e-08	-0.3314098	0.074	0.181	 2.142204e-04	7	HLA-DRB1
LAPTM5.6	 1.262085e-08	-0.2534484	0.037	0.157	 2.579829e-04	7	LAPTM5
HSPA1B.2	 1.519943e-08	 0.3252265	0.613	0.460	 3.106915e-04	7	HSPA1B
APOC1.7	 1.953276e-08	-0.4776351	0.120	0.242	 3.992691e-04	7	APOC1
DNAJB1.1	 3.203596e-08	 0.2540768	0.424	0.331	 6.548470e-04	7	DNAJB1
HLA-DRA.7	 6.856760e-08	-0.4388471	0.175	0.253	 1.401590e-03	7	HLA-DRA
SPP1.7	 1.433842e-07	-1.0796821	0.442	0.511	 2.930916e-03	7	SPP1
FTL.4	 1.732944e-07	-0.4283934	0.631	0.724	 3.542311e-03	7	FTL
GPX1.5	 2.796556e-07	-0.2970992	0.235	0.358	 5.716439e-03	7	GPX1
BCYRN1.4	3.620846e-206	 1.6560263	1.000	0.260	7.401370e-202	8	BCYRN1
SEC61G.4	 3.183389e-22	 0.4416188	1.000	0.929	 6.507166e-18	8	SEC61G
TUBA1B.5	 7.518192e-20	 0.4537436	0.871	0.646	 1.536794e-15	8	TUBA1B
APOE.7	 1.004598e-15	-0.9029554	0.153	0.403	 2.053498e-11	8	APOE
TUBB.4	 1.618437e-13	 0.3574638	0.730	0.475	 3.308247e-09	8	TUBB
CST3.4	 9.217703e-13	 0.3012074	0.963	0.829	 1.884191e-08	8	CST3
HIST1H4C.1	 1.101765e-12	 0.3116912	0.337	0.120	 2.252117e-08	8	HIST1H4C
RPS2.4	 3.153971e-12	 0.3000415	0.920	0.788	 6.447032e-08	8	RPS2
FTL.5	 1.755112e-11	-0.5785045	0.564	0.726	 3.587624e-07	8	FTL
FCGBP.8	 2.399238e-11	-0.6025615	0.037	0.220	 4.904282e-07	8	FCGBP
GAPDH.3	 3.687620e-11	 0.2563182	0.988	0.914	 7.537865e-07	8	GAPDH
MALAT1.5	 1.184936e-10	-0.5549033	0.601	0.752	 2.422128e-06	8	MALAT1
CD74.8	 2.936248e-10	-0.7826419	0.098	0.258	 6.001985e-06	8	CD74
B2M.7	 1.129289e-09	-0.5351755	0.436	0.578	 2.308379e-05	8	B2M
HLA-DRA.8	 1.963946e-09	-0.5327966	0.086	0.256	 4.014502e-05	8	HLA-DRA
FTLP3.1	 4.335125e-09	-0.2648876	0.098	0.300	 8.861428e-05	8	FTLP3
A2M.7	 9.124263e-09	-0.3297522	0.055	0.218	 1.865091e-04	8	A2M
C1QB.8	 1.265517e-08	-0.6150868	0.092	0.225	 2.586844e-04	8	C1QB
HLA-B.6	 1.686524e-08	-0.4588964	0.319	0.464	 3.447424e-04	8	HLA-B
SAT1.6	 2.002105e-08	-0.3640126	0.098	0.269	 4.092504e-04	8	SAT1
GFAP.8	 2.017312e-08	-0.5318555	0.147	0.330	 4.123587e-04	8	GFAP
RPL35.1	 5.843439e-08	 0.2622175	0.810	0.694	 1.194457e-03	8	RPL35
APOC1.8	 6.940147e-08	-0.5072065	0.098	0.241	 1.418635e-03	8	APOC1
SPP1.8	 9.117976e-08	-1.1773034	0.405	0.512	 1.863806e-03	8	SPP1
C3.7	 1.044644e-07	-0.3233266	0.043	0.177	 2.135357e-03	8	C3
CCL4.8	 3.798452e-07	-0.3617988	0.037	0.166	 7.764415e-03	8	CCL4
SGK1.3	 4.164929e-07	-0.2657122	0.049	0.184	 8.513531e-03	8	SGK1
SRGN.8	 4.402915e-07	-0.3603640	0.086	0.198	 8.999999e-03	8	SRGN
IGFBP7.6	2.476111e-133	 2.0735276	0.986	0.173	5.061418e-129	9	IGFBP7
SPARC.5	3.915642e-131	 1.7699500	0.959	0.518	8.003964e-127	9	SPARC
CLDN5	9.077001e-106	 1.2148884	0.863	0.012	1.855430e-101	9	CLDN5
ITM2A	 1.150277e-97	 1.3340985	0.808	0.010	 2.351281e-93	9	ITM2A
ESAM	 8.831456e-88	 0.9619153	0.808	0.020	 1.805238e-83	9	ESAM
COL4A1	 2.181100e-82	 1.4585669	0.863	0.080	 4.458386e-78	9	COL4A1
ADGRL4	 3.994829e-74	 0.7224996	0.630	0.004	 8.165830e-70	9	ADGRL4
COL4A2	 2.254210e-72	 1.1192827	0.822	0.058	 4.607830e-68	9	COL4A2
TMSB10.4	 3.861539e-69	 1.0351421	0.986	0.730	 7.893371e-65	9	TMSB10
HSPG2	 3.721290e-62	 0.7737725	0.616	0.017	 7.606690e-58	9	HSPG2
FKBP1A	 8.194933e-61	 0.7363962	0.726	0.126	 1.675126e-56	9	FKBP1A
A2M.8	 7.869939e-59	 1.3835233	0.863	0.198	 1.608694e-54	9	A2M
GNG11	 1.704307e-57	 0.7265136	0.644	0.038	 3.483774e-53	9	GNG11
PECAM1	 7.362160e-56	 0.6798787	0.589	0.019	 1.504899e-51	9	PECAM1
CA2	 1.132158e-52	 0.7309470	0.616	0.032	 2.314245e-48	9	CA2
ITGB1	 2.445179e-52	 0.8450182	0.767	0.113	 4.998189e-48	9	ITGB1
PODXL	 2.108952e-51	 0.6241853	0.534	0.019	 4.310909e-47	9	PODXL
APOLD1	 4.193689e-51	 0.8387034	0.603	0.029	 8.572320e-47	9	APOLD1
EPAS1	 1.195438e-50	 0.6987982	0.740	0.059	 2.443595e-46	9	EPAS1
CTGF.1	 7.152186e-48	 1.1354844	0.726	0.097	 1.461978e-43	9	CTGF
ACVRL1	 9.001132e-48	 0.3520388	0.397	0.001	 1.839921e-43	9	ACVRL1
PCAT19	 1.544777e-47	 0.4320688	0.452	0.005	 3.157678e-43	9	PCAT19
CD34	 2.132131e-47	 0.5065497	0.466	0.007	 4.358289e-43	9	CD34
MCAM	 2.522850e-46	 0.7308139	0.644	0.053	 5.156958e-42	9	MCAM
FLT1	 3.344600e-44	 0.6473974	0.479	0.017	 6.836697e-40	9	FLT1
APLN	 4.587314e-43	 0.6025207	0.397	0.005	 9.376929e-39	9	APLN
IFI27	 5.289835e-42	 0.7913132	0.575	0.054	 1.081295e-37	9	IFI27
VWF	 1.422022e-41	 0.5801476	0.397	0.005	 2.906755e-37	9	VWF
TM4SF18	 2.934042e-41	 0.4089390	0.342	0.001	 5.997474e-37	9	TM4SF18
BCL6B	 4.478762e-41	 0.4231798	0.397	0.005	 9.155037e-37	9	BCL6B
ABCG2	 5.430443e-41	 0.4027403	0.425	0.007	 1.110037e-36	9	ABCG2
CD93	 1.579111e-40	 0.5408063	0.534	0.025	 3.227861e-36	9	CD93
STC1	 8.713968e-40	 0.4980505	0.397	0.007	 1.781222e-35	9	STC1
ENG	 2.605274e-38	 0.5391042	0.534	0.036	 5.325441e-34	9	ENG
SPINK8	 3.482910e-38	 0.3613382	0.342	0.002	 7.119416e-34	9	SPINK8
EGFL7	 6.262855e-38	 0.3962982	0.370	0.005	 1.280190e-33	9	EGFL7
ADGRF5	 1.088823e-36	 0.4620188	0.397	0.009	 2.225663e-32	9	ADGRF5
PLXND1	 4.032842e-36	 0.5313821	0.521	0.035	 8.243532e-32	9	PLXND1
INSR	 9.878433e-36	 0.4465929	0.479	0.024	 2.019251e-31	9	INSR
HYAL2	 1.701217e-35	 0.5322354	0.466	0.029	 3.477457e-31	9	HYAL2
SDPR	 7.599168e-35	 0.4083984	0.301	0.002	 1.553346e-30	9	SDPR
SLC38A5	 9.373234e-35	 0.4734821	0.342	0.006	 1.915983e-30	9	SLC38A5
PLVAP	 1.369976e-34	 0.4596094	0.384	0.011	 2.800368e-30	9	PLVAP
CDH5	 2.393902e-33	 0.3394099	0.342	0.005	 4.893376e-29	9	CDH5
ITIH5	 4.259349e-33	 0.3949521	0.342	0.006	 8.706535e-29	9	ITIH5
MYCT1	 4.378787e-33	 0.3016878	0.315	0.003	 8.950679e-29	9	MYCT1
TM4SF1	 9.119501e-33	 0.6174406	0.493	0.055	 1.864117e-28	9	TM4SF1
LAMA4	 9.889200e-33	 0.5454651	0.479	0.036	 2.021451e-28	9	LAMA4
ESM1	 3.020528e-31	 0.6225096	0.315	0.007	 6.174261e-27	9	ESM1
CD59	 4.940527e-31	 0.5367980	0.548	0.088	 1.009893e-26	9	CD59
MYO1B	 7.004696e-31	 0.3237461	0.370	0.010	 1.431830e-26	9	MYO1B
ROBO4	 2.310919e-30	 0.2818188	0.288	0.002	 4.723750e-26	9	ROBO4
ACE	 5.351736e-30	 0.3386023	0.315	0.006	 1.093948e-25	9	ACE
CLEC14A	 5.428147e-30	 0.2831696	0.260	0.001	 1.109567e-25	9	CLEC14A
SLC9A3R2	 5.598222e-29	 0.4178078	0.329	0.010	 1.144333e-24	9	SLC9A3R2
FKBP1C	 9.347987e-29	 0.4396093	0.562	0.064	 1.910822e-24	9	FKBP1C
ANGPT2	 1.543340e-28	 0.3315408	0.274	0.003	 3.154741e-24	9	ANGPT2
TMSB4X.3	 1.543615e-28	 0.7305905	0.986	0.906	 3.155303e-24	9	TMSB4X
COL15A1	 2.539619e-27	 0.3291152	0.288	0.005	 5.191236e-23	9	COL15A1
RAMP2	 4.763824e-27	 0.3702398	0.425	0.030	 9.737733e-23	9	RAMP2
CALCRL	 5.563429e-27	 0.3079676	0.301	0.007	 1.137221e-22	9	CALCRL
VWA1	 5.966130e-27	 0.4269854	0.425	0.034	 1.219537e-22	9	VWA1
VIM.4	 1.104524e-26	 0.7095548	0.945	0.621	 2.257757e-22	9	VIM
RASIP1	 4.541068e-26	 0.2717260	0.247	0.002	 9.282397e-22	9	RASIP1
PTP4A3	 8.906160e-26	 0.3106861	0.342	0.013	 1.820508e-21	9	PTP4A3
C1orf54	 1.165462e-25	 0.3976556	0.438	0.037	 2.382320e-21	9	C1orf54
LAMC1	 1.617895e-25	 0.4379212	0.466	0.057	 3.307138e-21	9	LAMC1
B2M.8	 3.001356e-25	 0.7680754	0.959	0.564	 6.135072e-21	9	B2M
TAGLN2	 6.605406e-25	 0.5140292	0.616	0.148	 1.350211e-20	9	TAGLN2
SEC61G.5	 2.132905e-24	-1.1003917	0.712	0.937	 4.359871e-20	9	SEC61G
ETS1	 6.898102e-24	 0.4145339	0.425	0.046	 1.410041e-19	9	ETS1
IFITM2	 1.012996e-23	 0.4182314	0.452	0.051	 2.070665e-19	9	IFITM2
TP53I11	 2.224013e-23	 0.3523548	0.342	0.019	 4.546105e-19	9	TP53I11
DOCK9	 3.165569e-23	 0.2666081	0.274	0.007	 6.470740e-19	9	DOCK9
RGCC.1	 3.191210e-23	 0.6942386	0.712	0.199	 6.523153e-19	9	RGCC
ITGA1	 1.062169e-22	 0.2906854	0.315	0.014	 2.171179e-18	9	ITGA1
SERPINE1	 2.004204e-22	 0.4063547	0.315	0.018	 4.096794e-18	9	SERPINE1
IFITM3.1	 2.252576e-22	 0.5408000	0.767	0.220	 4.604491e-18	9	IFITM3
FSTL1	 2.507548e-22	 0.4022355	0.466	0.056	 5.125679e-18	9	FSTL1
LMO2	 5.388420e-21	 0.3860140	0.397	0.049	 1.101447e-16	9	LMO2
HAPLN1	 6.409755e-21	 0.3681350	0.274	0.023	 1.310218e-16	9	HAPLN1
FN1.1	 1.005066e-20	 0.6624845	0.658	0.168	 2.054455e-16	9	FN1
HTRA1	 1.013499e-20	 0.5357718	0.562	0.149	 2.071693e-16	9	HTRA1
PRSS23	 1.340734e-20	 0.3499717	0.315	0.021	 2.740594e-16	9	PRSS23
MYL12B	 1.408543e-20	 0.4712848	0.616	0.258	 2.879203e-16	9	MYL12B
CRIM1	 1.701719e-20	 0.2988694	0.288	0.015	 3.478484e-16	9	CRIM1
CLEC2B	 6.058040e-20	 0.2697430	0.288	0.013	 1.238324e-15	9	CLEC2B
JUP	 1.947888e-19	 0.2558682	0.233	0.008	 3.981677e-15	9	JUP
APCDD1	 5.381687e-19	 0.3717637	0.370	0.045	 1.100071e-14	9	APCDD1
LAMB1	 6.151235e-19	 0.3043898	0.342	0.028	 1.257374e-14	9	LAMB1
ARHGDIB	 2.521199e-18	 0.3387020	0.397	0.047	 5.153583e-14	9	ARHGDIB
PXDN	 3.152821e-18	 0.3277398	0.356	0.044	 6.444681e-14	9	PXDN
BCAN.3	 3.567356e-18	-0.7916398	0.164	0.653	 7.292033e-14	9	BCAN
DBI.2	 4.949483e-18	-0.7800149	0.301	0.731	 1.011724e-13	9	DBI
ADGRL2	 5.769566e-18	 0.2630966	0.301	0.020	 1.179357e-13	9	ADGRL2
PTRF	 5.773824e-18	 0.3318871	0.356	0.038	 1.180227e-13	9	PTRF
FABP5.1	 1.304885e-17	-0.7003462	0.110	0.596	 2.667316e-13	9	FABP5
GGT5	 1.590941e-17	 0.2715001	0.301	0.022	 3.252042e-13	9	GGT5
TPT1.1	 4.512171e-17	 0.5008166	0.890	0.764	 9.223328e-13	9	TPT1
TMSB10P1	 1.161363e-16	 0.4111492	0.548	0.175	 2.373942e-12	9	TMSB10P1
HLA-A.2	 1.783553e-16	 0.5198080	0.849	0.511	 3.645761e-12	9	HLA-A
ACTN4	 6.483552e-16	 0.4000189	0.521	0.136	 1.325303e-11	9	ACTN4
ACTG1.1	 7.653759e-16	 0.5151946	0.918	0.796	 1.564505e-11	9	ACTG1
DUSP6	 9.994060e-16	 0.2745368	0.301	0.027	 2.042886e-11	9	DUSP6
ANXA1	 1.159391e-15	 0.4844817	0.562	0.162	 2.369911e-11	9	ANXA1
IGFBP3.1	 1.244101e-15	 0.4674745	0.425	0.086	 2.543067e-11	9	IGFBP3
CKB.2	 1.309128e-15	-0.6372589	0.164	0.621	 2.675989e-11	9	CKB
FTH1.4	 1.468027e-15	-0.6852772	0.767	0.913	 3.000793e-11	9	FTH1
ECE1	 2.924055e-15	 0.2570208	0.288	0.027	 5.977061e-11	9	ECE1
MYADM	 2.992525e-15	 0.3752978	0.425	0.091	 6.117020e-11	9	MYADM
MT3.5	 3.339961e-15	-0.8140251	0.329	0.691	 6.827214e-11	9	MT3
PNP	 4.965561e-15	 0.3029172	0.301	0.039	 1.015010e-10	9	PNP
KLF6.1	 5.353237e-15	 0.4840364	0.548	0.156	 1.094255e-10	9	KLF6
MFSD2A	 6.411239e-15	 0.3428172	0.315	0.044	 1.310521e-10	9	MFSD2A
FSCN1	 8.681278e-15	 0.3992639	0.548	0.177	 1.774540e-10	9	FSCN1
SERPINH1	 1.347863e-14	 0.3461802	0.425	0.081	 2.755166e-10	9	SERPINH1
TIMP3.1	 1.607105e-14	 0.5120979	0.575	0.216	 3.285084e-10	9	TIMP3
GNAI2	 1.775006e-14	 0.3936264	0.562	0.179	 3.628290e-10	9	GNAI2
BCAP31	 1.814927e-14	 0.3502183	0.507	0.124	 3.709892e-10	9	BCAP31
SPRY1	 2.151927e-14	 0.2758507	0.274	0.026	 4.398754e-10	9	SPRY1
DNAJA1	 2.756790e-14	 0.4782408	0.658	0.298	 5.635155e-10	9	DNAJA1
UBC.1	 3.086659e-14	 0.4946823	0.904	0.667	 6.309439e-10	9	UBC
RPS6.1	 8.589739e-14	 0.4450450	0.685	0.417	 1.755829e-09	9	RPS6
MCL1.1	 8.865208e-14	 0.4253027	0.534	0.158	 1.812137e-09	9	MCL1
F2R	 1.278367e-13	 0.2985125	0.288	0.042	 2.613110e-09	9	F2R
CST3.5	 1.410626e-13	-0.7909594	0.603	0.839	 2.883461e-09	9	CST3
ANXA2	 1.561237e-13	 0.3925614	0.466	0.139	 3.191324e-09	9	ANXA2
NQO1	 1.756067e-13	 0.2537217	0.164	0.009	 3.589576e-09	9	NQO1
PMEPA1	 2.009449e-13	 0.2707651	0.315	0.041	 4.107515e-09	9	PMEPA1
PTPRZ1.3	 6.949415e-13	-0.5135366	0.068	0.455	 1.420530e-08	9	PTPRZ1
MYL6	 8.685498e-13	 0.4300856	0.890	0.699	 1.775403e-08	9	MYL6
LINC00152	 1.036302e-12	 0.3422078	0.397	0.078	 2.118304e-08	9	LINC00152
MYH9	 1.133169e-12	 0.2846484	0.329	0.057	 2.316312e-08	9	MYH9
HLA-E.1	 1.270613e-12	 0.4118661	0.562	0.176	 2.597261e-08	9	HLA-E
SLC2A3	 1.376761e-12	 0.3541315	0.397	0.087	 2.814237e-08	9	SLC2A3
SLC3A2	 2.214672e-12	 0.3865305	0.507	0.182	 4.527011e-08	9	SLC3A2
RNASE1	 2.955165e-12	 0.2707223	0.329	0.053	 6.040654e-08	9	RNASE1
GRB10	 4.312121e-12	 0.2557048	0.219	0.027	 8.814407e-08	9	GRB10
PAM	 5.670286e-12	 0.2679201	0.260	0.045	 1.159063e-07	9	PAM
HLA-B.7	 1.319653e-11	 0.4594159	0.836	0.451	 2.697503e-07	9	HLA-B
PTN.2	 2.491293e-11	-0.5484533	0.178	0.550	 5.092452e-07	9	PTN
YWHAH	 2.507431e-11	 0.3046312	0.425	0.107	 5.125440e-07	9	YWHAH
MSN	 3.088491e-11	 0.2927443	0.411	0.105	 6.313185e-07	9	MSN
TPM3	 6.034504e-11	 0.3161343	0.479	0.142	 1.233513e-06	9	TPM3
MYL12A	 6.459316e-11	 0.3105422	0.452	0.138	 1.320349e-06	9	MYL12A
COTL1.1	 8.842629e-11	 0.3248154	0.493	0.150	 1.807522e-06	9	COTL1
TUBA1A.5	 1.043330e-10	-0.6042924	0.493	0.772	 2.132671e-06	9	TUBA1A
SRP14	 1.476723e-10	 0.3721528	0.616	0.277	 3.018570e-06	9	SRP14
DBIP1.1	 1.885204e-10	-0.3395448	0.014	0.310	 3.853545e-06	9	DBIP1
EDN1	 2.371178e-10	 0.2698374	0.110	0.004	 4.846925e-06	9	EDN1
TUBB2B.1	 2.773531e-10	-0.4273889	0.082	0.419	 5.669375e-06	9	TUBB2B
IGFBP5.2	 2.880610e-10	-0.4960090	0.027	0.334	 5.888255e-06	9	IGFBP5
DSTN	 3.064153e-10	 0.2991242	0.452	0.153	 6.263435e-06	9	DSTN
SPTBN1	 6.551287e-10	 0.3054408	0.507	0.174	 1.339149e-05	9	SPTBN1
RPS5.2	 7.022106e-10	-0.5005702	0.466	0.741	 1.435389e-05	9	RPS5
C1orf61.4	 7.130961e-10	-0.5693705	0.151	0.483	 1.457640e-05	9	C1orf61
SAT1.7	 7.177888e-10	 0.5033113	0.616	0.254	 1.467232e-05	9	SAT1
SUB1.1	 9.115180e-10	-0.3728346	0.068	0.392	 1.863234e-05	9	SUB1
CRIP2	 1.249229e-09	 0.3293588	0.521	0.204	 2.553548e-05	9	CRIP2
TMSB4XP4	 2.036908e-09	 0.3923948	0.685	0.387	 4.163645e-05	9	TMSB4XP4
APP.1	 2.158739e-09	 0.3461733	0.644	0.299	 4.412678e-05	9	APP
MIR4435-2HG	 2.271515e-09	 0.2700594	0.274	0.048	 4.643205e-05	9	MIR4435-2HG
GJA1.1	 3.483099e-09	 0.2721762	0.425	0.131	 7.119803e-05	9	GJA1
CTNNB1	 5.127540e-09	 0.3791848	0.589	0.332	 1.048120e-04	9	CTNNB1
LAPTM4A	 5.262640e-09	 0.2824974	0.521	0.194	 1.075736e-04	9	LAPTM4A
EMP1.1	 6.720276e-09	 0.3289230	0.411	0.132	 1.373692e-04	9	EMP1
SERF2	 7.670914e-09	 0.3670593	0.671	0.411	 1.568011e-04	9	SERF2
GSN.1	 9.117496e-09	 0.3076847	0.384	0.117	 1.863707e-04	9	GSN
PRDX2.1	 9.770368e-09	-0.3527458	0.068	0.365	 1.997161e-04	9	PRDX2
ARF1	 1.012933e-08	 0.2602689	0.507	0.187	 2.070535e-04	9	ARF1
SLC38A2	 1.037592e-08	 0.2926789	0.493	0.184	 2.120943e-04	9	SLC38A2
PTTG1IP.1	 1.184211e-08	 0.2917373	0.438	0.150	 2.420646e-04	9	PTTG1IP
CRYAB.8	 2.298656e-08	-0.9841919	0.205	0.494	 4.698683e-04	9	CRYAB
FABP7.1	 2.586097e-08	-0.3179965	0.041	0.314	 5.286240e-04	9	FABP7
RPS15.4	 4.263495e-08	-0.4290212	0.548	0.720	 8.715010e-04	9	RPS15
NREP	 5.090765e-08	 0.2642174	0.411	0.136	 1.040603e-03	9	NREP
APLP2	 6.189031e-08	 0.2967968	0.493	0.212	 1.265100e-03	9	APLP2
HLA-C.4	 7.061608e-08	 0.2721174	0.630	0.304	 1.443463e-03	9	HLA-C
IFI6.1	 8.023301e-08	 0.3600006	0.493	0.202	 1.640043e-03	9	IFI6
GPM6B.3	 1.068702e-07	-0.3571211	0.096	0.386	 2.184534e-03	9	GPM6B
S100A6.3	 1.244780e-07	-0.5263171	0.178	0.475	 2.544455e-03	9	S100A6
APOE.8	 1.271337e-07	-0.9038513	0.178	0.397	 2.598741e-03	9	APOE
IGFBP2.4	 1.317196e-07	-0.4588714	0.068	0.337	 2.692480e-03	9	IGFBP2
S100B.2	 2.139590e-07	-0.3447215	0.096	0.367	 4.373536e-03	9	S100B
FTH1P11	 2.164210e-07	-0.3342727	0.096	0.381	 4.423862e-03	9	FTH1P11
SPARCL1.4	 2.925248e-07	 0.4279372	0.589	0.306	 5.979500e-03	9	SPARCL1
NOVA1.1	 3.091828e-07	-0.3007546	0.055	0.308	 6.320005e-03	9	NOVA1
FXYD6.1	 3.681879e-07	-0.2937219	0.055	0.312	 7.526129e-03	9	FXYD6
FN1.2	2.244770e-103	 1.6041663	0.971	0.163	 4.588535e-99	10	FN1
LINC00152.1	 1.143448e-83	 1.2073925	0.814	0.071	 2.337321e-79	10	LINC00152
IGFBP7.7	 1.051641e-79	 1.5958608	0.986	0.174	 2.149659e-75	10	IGFBP7
BGN	 1.728017e-79	 0.9407396	0.814	0.055	 3.532240e-75	10	BGN
CALD1	 3.380926e-78	 1.0056116	0.829	0.134	 6.910951e-74	10	CALD1
SPARC.6	 1.912928e-75	 1.3829360	1.000	0.518	 3.910215e-71	10	SPARC
MIR4435-2HG.1	 4.147441e-66	 0.9238246	0.729	0.040	 8.477783e-62	10	MIR4435-2HG
COL4A1.1	 5.735735e-64	 1.3163571	0.843	0.081	 1.172442e-59	10	COL4A1
ACTA2	 2.209540e-55	 1.1000564	0.529	0.018	 4.516520e-51	10	ACTA2
NDUFA4L2	 8.459710e-54	 0.7968415	0.643	0.021	 1.729249e-49	10	NDUFA4L2
TAGLN.1	 1.631008e-52	 1.1323317	0.671	0.052	 3.333944e-48	10	TAGLN
COL3A1	 4.145344e-51	 0.7215008	0.514	0.007	 8.473499e-47	10	COL3A1
ITGB1.1	 4.249607e-49	 0.8325036	0.814	0.113	 8.686621e-45	10	ITGB1
COL1A2.1	 6.299087e-49	 0.9296866	0.771	0.130	 1.287596e-44	10	COL1A2
COL4A2.1	 7.272100e-49	 0.8665640	0.757	0.060	 1.486490e-44	10	COL4A2
DCN	 2.155874e-45	 0.5741558	0.443	0.005	 4.406822e-41	10	DCN
CD248	 7.326188e-44	 0.4476678	0.429	0.004	 1.497546e-39	10	CD248
HIGD1B	 3.135288e-42	 0.4006094	0.429	0.005	 6.408843e-38	10	HIGD1B
TPM2	 8.097059e-38	 0.6140108	0.500	0.033	 1.655120e-33	10	TPM2
PDGFRB	 4.010640e-34	 0.3726989	0.343	0.004	 8.198148e-30	10	PDGFRB
TIMP1.1	 1.238020e-33	 0.6884571	0.657	0.236	 2.530637e-29	10	TIMP1
MYL9	 1.405584e-33	 0.5346398	0.471	0.026	 2.873155e-29	10	MYL9
CCDC3	 1.306357e-32	 0.4184021	0.343	0.006	 2.670324e-28	10	CCDC3
IFITM3.2	 9.179634e-32	 0.7861289	0.814	0.220	 1.876409e-27	10	IFITM3
ITGA1.1	 8.093199e-31	 0.3334612	0.400	0.012	 1.654331e-26	10	ITGA1
LGALS1.4	 9.477779e-31	 0.8436512	0.929	0.535	 1.937353e-26	10	LGALS1
C11orf96	 2.508760e-30	 0.5954235	0.514	0.052	 5.128155e-26	10	C11orf96
PLXDC1	 2.928506e-29	 0.3504746	0.329	0.006	 5.986159e-25	10	PLXDC1
LAMA4.1	 2.301870e-28	 0.4538209	0.486	0.036	 4.705252e-24	10	LAMA4
SPON2	 9.654584e-28	 0.3805711	0.300	0.006	 1.973494e-23	10	SPON2
UACA	 1.123550e-27	 0.4037253	0.371	0.020	 2.296648e-23	10	UACA
OLFML3.1	 2.547438e-27	 0.5470582	0.543	0.057	 5.207219e-23	10	OLFML3
SERF2.1	 3.873161e-27	 0.5740098	0.657	0.411	 7.917129e-23	10	SERF2
FILIP1L	 9.504876e-27	 0.3977853	0.371	0.016	 1.942892e-22	10	FILIP1L
RNF152	 2.411544e-26	 0.3202842	0.300	0.005	 4.929438e-22	10	RNF152
MYL6.1	 7.007771e-26	 0.6098000	0.943	0.698	 1.432459e-21	10	MYL6
APOLD1.1	 7.043584e-26	 0.5402592	0.443	0.032	 1.439779e-21	10	APOLD1
MCAM.1	 3.892307e-25	 0.5438759	0.486	0.057	 7.956266e-21	10	MCAM
SEC61G.6	 2.282426e-23	-1.0516064	0.729	0.936	 4.665508e-19	10	SEC61G
COL5A2	 3.664249e-23	 0.4541280	0.471	0.071	 7.490090e-19	10	COL5A2
THY1	 1.852271e-22	 0.4795381	0.557	0.147	 3.786227e-18	10	THY1
NOTCH3	 5.402964e-22	 0.3835332	0.400	0.038	 1.104420e-17	10	NOTCH3
MYH9.1	 1.111216e-21	 0.3855740	0.471	0.054	 2.271436e-17	10	MYH9
MYO1B.1	 2.410654e-21	 0.2827042	0.300	0.012	 4.927618e-17	10	MYO1B
CTGF.2	 9.423357e-21	 0.7164497	0.529	0.101	 1.926228e-16	10	CTGF
COL18A1	 9.547622e-21	 0.3929230	0.357	0.029	 1.951630e-16	10	COL18A1
SPRY1.1	 1.719425e-20	 0.3592880	0.343	0.025	 3.514676e-16	10	SPRY1
MGP.1	 3.655333e-20	 0.4446540	0.457	0.057	 7.471866e-16	10	MGP
TPM1	 1.701572e-19	 0.3786583	0.429	0.052	 3.478184e-15	10	TPM1
CDH6	 1.062157e-18	 0.3037549	0.314	0.021	 2.171156e-14	10	CDH6
PPP1R14A	 1.190016e-18	 0.3121622	0.329	0.021	 2.432511e-14	10	PPP1R14A
TPM4	 1.400056e-18	 0.4660320	0.629	0.177	 2.861854e-14	10	TPM4
ADAMTS4	 1.492013e-18	 0.3159923	0.243	0.010	 3.049824e-14	10	ADAMTS4
COL1A1	 2.929397e-18	 0.4590793	0.257	0.011	 5.987981e-14	10	COL1A1
ACTG2	 3.229494e-18	 0.2768295	0.229	0.007	 6.601410e-14	10	ACTG2
VIM.5	 1.679599e-17	 0.5754242	0.857	0.622	 3.433267e-13	10	VIM
RP11-467L13.5	 4.641929e-17	 0.3317907	0.371	0.042	 9.488567e-13	10	RP11-467L13.5
DBI.3	 5.022187e-17	-0.7576229	0.286	0.731	 1.026585e-12	10	DBI
TMSB4X.4	 5.723852e-17	 0.5761815	1.000	0.906	 1.170013e-12	10	TMSB4X
COL6A1.1	 1.275422e-16	 0.4327434	0.557	0.128	 2.607091e-12	10	COL6A1
F2R.1	 2.446785e-16	 0.3211629	0.357	0.041	 5.001473e-12	10	F2R
MMP9	 6.076451e-16	 0.7030559	0.200	0.011	 1.242087e-11	10	MMP9
LAMB1.1	 1.118875e-15	 0.2633889	0.314	0.029	 2.287092e-11	10	LAMB1
S100A11.1	 1.149818e-15	 0.3942745	0.500	0.099	 2.350343e-11	10	S100A11
PRSS23.1	 1.251069e-15	 0.2910152	0.286	0.022	 2.557311e-11	10	PRSS23
SLC12A2	 1.818108e-15	 0.3197763	0.300	0.035	 3.716395e-11	10	SLC12A2
BCAN.4	 1.876309e-15	-0.7715358	0.186	0.652	 3.835362e-11	10	BCAN
ARPC2	 2.245035e-15	 0.4164397	0.543	0.173	 4.589077e-11	10	ARPC2
MT3.6	 8.714191e-15	-0.8229802	0.271	0.692	 1.781268e-10	10	MT3
CKB.3	 9.298711e-15	-0.6409376	0.171	0.621	 1.900750e-10	10	CKB
SERPINH1.1	 1.244668e-14	 0.3798199	0.400	0.082	 2.544225e-10	10	SERPINH1
FSTL1.1	 1.695237e-14	 0.3228452	0.371	0.058	 3.465234e-10	10	FSTL1
MAP1B	 2.668331e-14	 0.4020694	0.514	0.129	 5.454336e-10	10	MAP1B
B2M.9	 2.733179e-14	 0.5614862	0.929	0.565	 5.586891e-10	10	B2M
EPAS1.1	 1.190078e-13	 0.3739830	0.371	0.067	 2.432638e-09	10	EPAS1
FABP5.2	 1.543199e-13	-0.6456192	0.200	0.594	 3.154453e-09	10	FABP5
LAMC1.1	 2.458270e-13	 0.2932864	0.371	0.059	 5.024950e-09	10	LAMC1
FABP7.2	 5.027536e-13	-0.3585931	0.000	0.314	 1.027679e-08	10	FABP7
NDUFA4.1	 2.279222e-12	-0.4998314	0.271	0.693	 4.658957e-08	10	NDUFA4
RSU1	 3.732165e-12	 0.2643217	0.286	0.040	 7.628918e-08	10	RSU1
NID1	 4.364513e-12	 0.2870504	0.314	0.057	 8.921500e-08	10	NID1
A2M.9	 4.658436e-12	 0.3143257	0.600	0.204	 9.522308e-08	10	A2M
C1orf61.5	 4.884349e-12	-0.6134575	0.086	0.484	 9.984098e-08	10	C1orf61
CST3.6	 8.805846e-12	-0.7619104	0.629	0.839	 1.800003e-07	10	CST3
MYL12A.1	 8.930661e-12	 0.3443500	0.471	0.138	 1.825516e-07	10	MYL12A
COL6A2	 1.379497e-10	 0.3024551	0.257	0.037	 2.819829e-06	10	COL6A2
HES4	 1.430939e-10	 0.2560782	0.243	0.036	 2.924982e-06	10	HES4
RPS27	 1.738766e-10	 0.4063018	0.943	0.704	 3.554211e-06	10	RPS27
CYBA.1	 3.561280e-10	 0.2564203	0.443	0.126	 7.279612e-06	10	CYBA
ETS1.1	 9.821015e-10	 0.2521972	0.286	0.049	 2.007514e-05	10	ETS1
MMP14	 1.634238e-09	 0.2534801	0.329	0.070	 3.340545e-05	10	MMP14
CLU.9	 1.994538e-09	-0.7459042	0.129	0.482	 4.077034e-05	10	CLU
KLF6.2	 1.538618e-08	 0.3561343	0.457	0.158	 3.145090e-04	10	KLF6
PFN1.1	 2.305495e-08	 0.3551399	0.629	0.430	 4.712662e-04	10	PFN1
TAGLN2.1	 3.117499e-08	 0.2868466	0.443	0.152	 6.372481e-04	10	TAGLN2
MGST3	 3.544747e-08	 0.2807223	0.443	0.148	 7.245817e-04	10	MGST3
RPL23	 3.547458e-08	 0.3743848	0.857	0.729	 7.251358e-04	10	RPL23
SEMA5A	 3.984603e-08	 0.2647824	0.357	0.107	 8.144926e-04	10	SEMA5A
TMSB4XP2	 4.276230e-08	 0.2909859	0.414	0.134	 8.741041e-04	10	TMSB4XP2
RPS11.1	 6.125234e-08	-0.4275649	0.600	0.822	 1.252059e-03	10	RPS11
PTPRZ1.4	 9.935847e-08	-0.4201440	0.157	0.453	 2.030986e-03	10	PTPRZ1
TMSB4XP8	 1.062963e-07	 0.2506426	0.414	0.130	 2.172802e-03	10	TMSB4XP8
TMSB4XP4.1	 1.351590e-07	 0.3468222	0.714	0.387	 2.762785e-03	10	TMSB4XP4
PRKAR1A	 1.421456e-07	 0.2513917	0.429	0.150	 2.905599e-03	10	PRKAR1A
S100A6.4	 2.953256e-07	-0.5062735	0.171	0.475	 6.036750e-03	10	S100A6
RBP1	 1.943714e-72	 1.1322834	0.774	0.088	 3.973145e-68	11	RBP1
SOX4.1	 1.228075e-45	 1.0022520	0.849	0.203	 2.510309e-41	11	SOX4
SOX11.1	 1.457718e-42	 0.8808829	0.717	0.111	 2.979722e-38	11	SOX11
STMN2	 4.694210e-40	 0.5776805	0.491	0.005	 9.595435e-36	11	STMN2
NHLH1	 1.003861e-32	 0.5325247	0.434	0.008	 2.051992e-28	11	NHLH1
STMN1.3	 1.550702e-32	 0.8596050	0.925	0.427	 3.169790e-28	11	STMN1
NFIA.1	 5.991948e-29	 0.7682880	0.717	0.216	 1.224814e-24	11	NFIA
CD24	 9.653777e-26	 0.5849992	0.509	0.044	 1.973328e-21	11	CD24
TCF4	 1.740483e-22	 0.6632185	0.717	0.229	 3.557720e-18	11	TCF4
STMN4	 4.719822e-21	 0.6178242	0.528	0.090	 9.647788e-17	11	STMN4
DCX	 1.558101e-20	 0.5325813	0.547	0.085	 3.184914e-16	11	DCX
TAC3	 1.469768e-17	 0.3034176	0.226	0.003	 3.004353e-13	11	TAC3
ELAVL4	 5.444017e-15	 0.3151060	0.283	0.018	 1.112812e-10	11	ELAVL4
CRABP1	 5.913705e-15	 0.4466662	0.170	0.002	 1.208820e-10	11	CRABP1
RND3	 8.703182e-15	 0.2887644	0.283	0.017	 1.779017e-10	11	RND3
MIAT	 1.942566e-13	 0.2560387	0.226	0.008	 3.970799e-09	11	MIAT
NFIX.3	 3.816883e-13	 0.5107960	0.566	0.274	 7.802091e-09	11	NFIX
PTPRS	 5.524228e-13	 0.4445273	0.472	0.169	 1.129208e-08	11	PTPRS
OVOS2	 8.083521e-13	 0.2712291	0.208	0.007	 1.652353e-08	11	OVOS2
TUBA1A.7	 1.156138e-12	 0.6254222	0.943	0.764	 2.363261e-08	11	TUBA1A
H3F3A	 1.293104e-12	 0.5295340	0.849	0.513	 2.643234e-08	11	H3F3A
MAP1B.1	 6.961944e-12	 0.4260691	0.509	0.131	 1.423091e-07	11	MAP1B
NNAT.1	 6.974680e-12	 0.4861969	0.340	0.080	 1.425694e-07	11	NNAT
MT2A.7	 7.449860e-12	-1.0260336	0.264	0.706	 1.522826e-07	11	MT2A
CST3.7	 1.080976e-10	-0.8208747	0.623	0.838	 2.209622e-06	11	CST3
DLL3.1	 6.114645e-10	 0.4131649	0.509	0.130	 1.249895e-05	11	DLL3
ELAVL3	 6.726039e-10	 0.3509165	0.415	0.087	 1.374870e-05	11	ELAVL3
B2M.10	 7.434065e-10	-0.8218642	0.170	0.578	 1.519597e-05	11	B2M
NREP.1	 1.233046e-09	 0.3615065	0.453	0.137	 2.520469e-05	11	NREP
TTC3	 1.475118e-09	 0.3460345	0.377	0.151	 3.015288e-05	11	TTC3
DBI.4	 1.669854e-09	-0.6302506	0.358	0.728	 3.413348e-05	11	DBI
MT2P1.4	 1.898810e-09	-0.4795474	0.000	0.296	 3.881359e-05	11	MT2P1
BTG1	 2.297607e-09	 0.3754410	0.472	0.156	 4.696539e-05	11	BTG1
VIM.6	 2.729950e-09	-0.6116068	0.226	0.633	 5.580292e-05	11	VIM
THSD7A	 3.344863e-09	 0.2590339	0.264	0.031	 6.837233e-05	11	THSD7A
MLLT4	 3.724564e-09	 0.2738800	0.302	0.044	 7.613382e-05	11	MLLT4
HN1.1	 6.362895e-09	 0.3992854	0.509	0.248	 1.300639e-04	11	HN1
SSTR2	 6.969743e-09	 0.2598297	0.208	0.045	 1.424685e-04	11	SSTR2
MARCKS.1	 9.636789e-09	 0.4512366	0.755	0.459	 1.969856e-04	11	MARCKS
GAPDH.5	 9.802474e-09	-0.6019150	0.698	0.921	 2.003724e-04	11	GAPDH
TUBB2B.3	 2.973435e-08	 0.4431796	0.660	0.409	 6.077998e-04	11	TUBB2B
UCHL1	 3.342166e-08	 0.3310187	0.453	0.128	 6.831721e-04	11	UCHL1
JUNB.4	 4.359144e-08	-0.4375906	0.019	0.336	 8.910526e-04	11	JUNB
LGALS1.5	 5.426431e-08	-0.5630925	0.189	0.548	 1.109217e-03	11	LGALS1
FABP5.3	 9.007116e-08	-0.5444341	0.245	0.592	 1.841145e-03	11	FABP5
MT3.7	 1.085296e-07	-0.6642124	0.358	0.689	 2.218454e-03	11	MT3
SCRG1.2	 1.890455e-07	-0.3465863	0.019	0.310	 3.864279e-03	11	SCRG1
SPARC.7	 3.305824e-07	-0.6806394	0.189	0.532	 6.757434e-03	11	SPARC
BCAN.5	 3.810923e-07	-0.5975294	0.302	0.648	 7.789909e-03	11	BCAN
LLNLR-245B6.1	 4.485019e-07	 0.2597155	0.472	0.153	 9.167827e-03	11	LLNLR-245B6.1
NFIB	 4.582257e-07	 0.2691771	0.340	0.087	 9.366591e-03	11	NFIB
MT-RNR2.1	 1.615765e-14	 1.0768161	0.926	0.400	 3.302786e-10	12	MT-RNR2
FOS.6	 1.269857e-09	-0.5097414	0.222	0.473	 2.595714e-05	12	FOS
GFAP.12	 7.378468e-09	-0.5209734	0.185	0.323	 1.508233e-04	12	GFAP
MT-RNR1	 1.059935e-08	 0.3458505	0.370	0.152	 2.166613e-04	12	MT-RNR1
CRYAB.10	 1.591275e-07	-0.8753685	0.333	0.490	 3.252725e-03	12	CRYAB
MT-ND1	 1.764832e-07	 0.3208649	0.296	0.070	 3.607494e-03	12	MT-ND1
CLU.11	 2.170334e-07	-0.5283141	0.333	0.476	 4.436379e-03	12	CLU
AQP4.7	 3.038252e-07	-0.2914241	0.111	0.214	 6.210491e-03	12	AQP4
